13901627802
13611887291
13601771143
13901784112
13002127691
13621624874
13901628678
13916421265
13901944364
13918372396
13701732980
13818960630
13166421393
13801867889
13501766158
13816464668
13917381438
13817095550
13901706471
13002170101
13003162733
13681671119
13061716883
13761333168
13564386347
13816509221
13918178428
13701960431
13386285739
13817950919
13003266925
13816361388
13681975205
13816431936
13901636893
13003157356
13381937092
13901889587
13916292477
13816335656
13801855250
13671744188
13061739853
13918112449
13917512116
13818893601
13817671736
13391327212
13701658555
13162398081
13817543589
13816508036
13361999389
13671745231
13311906969
13564592667
13901695767
13761684675
13801637847
13651755353
13386055586
13601739632
13917772978
13764679197
13901700996
13901968345
13681675555
13701941658
13611853655
13801702413
13916503058
13301723936
13901676339
13386151512
13003255866
15001740287
13681889996
13816640888
13386207759
13002158898
13524246126
15921552699
13764311032
13386281968
13817867410
13386282389
13818166800
13601691089
13918224856
13901836824
13585812228
13916070455
13901989030
13311915565
13801733692
13472688149
13917578493
13661918559
13901969090
13918866746
13601742836
13764214908
13916532952
13611783071
13916593670
13003250565
13601609806
13601623202
13816733839
13681781250
13636530939
13391004080
13795247388
13621976288
13162718970
13002189999
13501625405
13901932411
13524289841
13501712262
13917677152
13901793651
13386012928
13816075800
13774326010
13816448298
13701604007
13916210239
15821107177
13002153986
13311672163
13901847272
13391233963
13301831993
13916160682
13917368468
13127662216
13818610179
13641998772
13795270498
13901657901
13311809033
13801910630
13331901745
13817862998
13761653360
13764600790
13916360277
13501738082
13641797835
13774413111
13301675979
15021955670
13801689555
13761011070
13917999817
13681901776
13701946541
13761321292
13311605923
13801678348
13764255221
13391183378
13391269397
15800432752
13611977127
13671537778
18018659989
13817261030
13301813483
13601713655
13701782326
13818615573
13917999405
13391088508
13386208521
13601625442
13681872014
13764213012
13901747955
13801663577
13817835221
13621673193
13122407035
13601994244
13916607281
13918659245
13916036673
13661648438
13801945492
13611764685
13621703026
13816801356
13816140291
13816679148
13774380402
13801862775
13601816636
13003163400
13501957345
13661987918
15901601638
13585769958
13386271179
13301861193
13585826773
13331867072
13801719331
13916309614
13601815745
13701702000
13641642620
13370288988
13816683972
13818240990
13817837450
13651849788
13701688293
13601708601
13801983034
13636430388
13801637502
13817811730
13817696681
13761167566
13601757640
13916196553
13003266950
13564612381
13564285393
13795362123
13386091157
13901988902
13801720573
13917295996
13816995577
13901836925
13916384237
13122253828
13788908613
13311783550
13003216798
13120682626
13816432966
13524847568
13311653300
13916547190
13901830759
13917886421
13601786398
13764900063
13701973058
13761909105
13764022105
13311972690
13162829561
13818880498
13916009660
13311726875
13917785497
13042198095
13816657860
13901950686
13916663269
13916359305
13651798039
13311875850
13901612838
13585663893
13564268696
13651626476
13501601326
13601640402
13681858828
13816094535
13321959556
13901941528
13585806868
13801659007
13636425123
13817210586
13901886729
13816118777
13681945316
13901851626
13621703432
13003211082
13801754844
13023169040
13003137488
13818772184
13601639126
13916243960
13311916381
13301868369
18801819996
13311868292
13127809186
13918144229
13621979266
13917381148
13601719750
13917336120
13901607956
13916735577
13621838630
13788929482
13916110247
13761617900
13901837023
13651937105
13020101284
13301989588
13817838891
13601817260
13701758762
13681983792
13122299910
13701914783
13601816690
13901778465
13311988019
13032185983
13818966722
13371968858
13917017385
13361899717
13817921160
13918610640
13917776603
13331860506
13918004620
13524199837
13386111132
13795289081
13621740068
13311861735
13916466888
13701669882
13003153261
18601773033
13901641401
13611600798
13917623305
13916252293
13003296169
13022195218
13601866939
13482682757
13641773993
13801900587
13817695955
13801633629
13818084311
13564227259
13764308942
13917964993
13916539519
13801620298
13641899681
13801761868
13761248863
13701943568
13901733535
13917970887
13761679449
13817591183
13801861570
13681610181
13701634771
13918511169
13301966888
13818742456
13801690629
13817382375
13301826363
13601629053
13701816332
13023122227
13818564987
13818222849
13311833300
13301615505
13916141209
13611896054
13701847018
13816342839
13818320250
13816681687
13701840633
13003238257
13585517330
13661990920
13501958400
13901871937
13004136857
13003165093
13917651221
13501612338
13916685172
13817502672
13585823590
13041609098
13764304159
13801986505
13501883134
13901843599
13661827972
13917641436
13817723456
13524624111
15921413966
13311971192
13801795093
13701716022
13917753733
13361875153
13817553508
13817816864
13301702206
13003110036
13818598170
13818818831
13023150738
13901839566
13818826888
13801604528
13301775999
13003133227
13482807713
13816372899
13122585158
13918787788
13524184428
13817119151
13917700090
13917042898
13916556598
13301932685
13801650317
13621647605
13601750244
13817693645
15921388053
13641673771
13701676236
13671886367
13801908483
13701980818
18918180647
13817551346
13764289899
13817655432
13816112437
13122285501
13916538929
13916373211
13621612139
13311632117
13661536508
13916501893
13816863110
13801662087
13564567876
13901677838
13816705655
13818976776
13917765626
13801743502
13901737767
13761116539
15801777269
13701851088
15201880800
13917493345
13918920895
13601926689
13641869937
13818886975
13917624178
13321999008
13611872992
13585625013
13901753289
13701609161
13918011011
13301816650
13916118616
13816130450
13166067071
13636658406
13585657078
13816986270
13311920506
13801674288
13817361943
18616804055
13301872628
13817596690
13917797136
13003266768
13816915739
13918023341
13701934589
13801739682
13003100900
13901711243
13611642103
13002130148
13601814246
13764131345
13901856117
13482666789
13818984956
13381753310
13817696253
13585973477
13621653444
13816815111
13917197871
13764912797
13817331825
13386073506
13301632907
13817537866
13816378192
18016066160
13601976623
13817230344
13361905363
15800715512
13817203839
13918870520
13816747293
13817938858
13370082552
13817790730
13818396890
13052006521
13501945288
13918196232
13816019031
15021336260
13611903365
13901774213
13817511858
13002150343
13601623114
13621691686
13601685329
13601906688
13636325211
13817380699
13764299651
13524901778
13671747459
13611665739
13301988167
13701877778
13391199366
13816502415
13661960721
13817323681
13681722885
13816843213
13661899639
13301783060
13818303272
13024146187
13061676190
13002193990
13918693688
13918244189
13061769918
13061776956
13601921911
13761110016
13601624671
13681878765
13331811922
13816202129
13501698161
13918922655
13061639637
13501725900
13564837690
13817631657
13917307348
18221096360
13817366196
13801944708
13601611026
13002129256
13817585301
13918196562
13501870150
13901630535
13916722419
13501746113
13817559069
13601837073
13501972657
13661800761
13801941823
13917115172
13916105678
13816592313
13817239390
13321999585
13901709255
13061685497
18817788710
13901833401
13061713172
13681668977
13061721927
18621769249
13386091393
13501901987
13611999927
13901953687
13918132258
13801964739
13061632286
13816975066
13501752659
13801655100
13801657528
13801724369
13701716565
13641660111
13801838656
13901900631
13916456155
13524766100
13901796671
13003211537
13764429533
13661509201
13044698086
13611782964
13918022701
13564247099
13501906166
13301801597
13917036285
13301606088
13311665885
13701760341
13501801000
13801741388
13801795706
13901638043
13512189855
13003197912
13801818982
13301779173
13817567246
13916622339
13917387301
13901959386
13331881769
13916379379
13311891270
13482170087
13564331236
15921981118
13801936241
13004137926
13004143366
13916373024
13817669190
13701811373
13901944908
13901792740
13671758320
13801960583
13801714118
13524468172
13636656570
13817642253
13701811446
13512160878
13818803832
13916130892
13901871980
13761683830
13701670301
13918353733
13002113000
13818895999
13361808125
13901629524
13301616422
13916569222
13916592639
13651608688
13917417844
13122546902
13301762328
13524760119
13801859126
13003256647
13901647631
13901859222
13818234967
13901709091
13651747510
13564004943
15921045730
13386162680
13817811621
13817835283
13801979527
13564272086
13917024115
13901721388
13641818276
13801802667
13601624779
13601785477
13901601737
13641882607
13917356159
13701742353
13816139349
13621656725
13901602063
13671731161
13003157760
13916107687
13564340018
13601771087
13166131559
13918874160
13916392889
13341768838
13918833636
13701799697
13761553028
13918182896
13901629404
13301789128
13817832841
13818914469
13301626960
13651674824
13801655656
13621659914
13916673000
13061621312
13917771116
13386103331
13916603685
13901930338
13311790558
13301767700
13917303219
13651612287
13661649790
13601842750
13817904286
13611728051
13301781633
13761151585
13917036330
13916770803
13611863209
13301766818
13816106943
13816124343
13311920583
15000388433
13002191707
15921356720
13801706162
13818885186
13817613556
13795331229
13916050936
13901703235
13917745868
13681988633
13917746418
13701656794
13391113655
13916116711
13002139017
13301997000
13818534080
13611769629
13701631863
13801757327
13916522934
13916378808
13901825093
13917188378
18019101939
13311825995
15026536133
13301781330
13918121288
13621913547
13311706570
13122823186
13761267705
13901798516
13917842318
13788985851
13801656211
13901918378
13311620109
13816715769
13917213112
13917744991
13816721293
13816337039
13901667268
13621986055
13916575017
13818884918
13585753776
13611831359
13816119358
13901878332
13311803556
13818656241
13795283797
13901923132
13801935778
13636582617
13386286307
13818372755
13916868132
13002150168
13901701724
13901706504
13901783617
13916605210
13901736694
13003255278
13331963272
13585586824
13002172130
13671539176
13661480387
13012845200
13012858868
13761569619
13661686238
13701907510
13636421270
13801730242
13801726952
13701698568
13801876975
13641976969
13701702371
13916147650
13801751566
13918837138
13817896114
13621765985
13701867110
13817368386
13003106286
15000181590
13301667228
13816675595
13801668198
13611798868
13817361939
13621653963
13816872901
13801792999
13611873899
13636337472
13482159813
13816676649
18939882008
13801976687
13601720602
13661470854
13311786059
13761491183
13901796664
13764056345
13585547025
13801931180
13816674829
13061714247
13816652871
13651911267
13816201011
13052000810
13501755908
13817007222
13817671625
13916359768
13301923010
13916421097
15921212107
13761690280
13761186967
13701646916
13917968716
13818349479
13901804697
13524838850
13002197172
13585502029
13916378723
13601814313
13301697390
13391333288
13817864469
13601749479
13311662981
13818817917
13003155668
13651788896
13621974166
13002189879
13901836851
13764589855
13817033931
13818963450
13601892288
18621735254
13916184199
13917111978
13052090908
13122530051
13501779103
13901649135
13701902187
13601640582
13002156766
13601949069
13601621834
13817832971
13061733399
13917063853
13801772966
13916822237
15000766265
13817199822
13817545631
13701783763
13501832368
13761613389
13701730466
13816239006
13003247096
13681700284
13801822084
13918807858
13671734366
13817575117
13901954254
13585601059
13564258808
13564095590
13816066163
13801672941
13916399111
13916079548
13817091869
13795401380
13818372959
13391016878
13917658559
13816284994
13311786187
13764006734
13003235673
13661785507
13321953888
13524680280
13801975628
15921169332
13701616511
13501766312
13122286811
13002107902
13764212416
13801659346
13002131366
13002132408
13917191585
13917030688
13501973599
13917692971
13917847736
13482549500
13817813319
13621867777
13816807993
13818618011
13795393170
13916382447
13801912836
13311763697
13761368860
13701608074
13601735650
13310059557
13761188910
13817870575
13817356660
13601621154
13917237231
13701823168
13917236808
13816896930
13601881505
13661897751
13564020058
13801727184
13601878888
13818181817
13636620366
13817550969
13311785788
13916141777
13816675202
13817955119
13002151819
13003113687
13120839984
13701984402
13901604977
13671501972
13917960932
13916106766
13918328662
13611733787
13601789922
13003194519
13801721662
13918997376
15221588805
13817363088
13761076687
13817344860
13818900033
13818718264
13818626280
13901795641
13621938026
13167039306
13601762578
13901913170
13816885229
13564822333
13918925351
13917140790
13601773518
13817305106
13916680988
13681768191
13795230058
13901666238
13022117198
13901856175
13901668491
13003105231
13918074146
13671603819
13003110869
13003112091
13122515225
13817006684
13003129262
13003130708
15921230339
13661807828
13601947836
13020190333
13003102843
13761797890
13817946626
13761249226
13004132251
13671889984
13641650837
15921033868
13482613085
13701602587
13501977703
13301696588
13661531451
13916387386
13816504112
13601722526
13311712187
13524639077
13901816860
13641940238
13801739559
13816123051
13601667063
13917064725
13311760928
13301833933
13661428321
13918458998
13311653276
13917550620
13761374441
13917385827
18616379412
13611749525
13701969231
13621640909
13061668858
13636698723
13761354845
13386129192
13002199729
13636380259
13761461834
13801634734
13671690887
13761851001
13817710880
13661800822
13901845097
13818355000
13917179008
13020228938
13501992111
13701707482
13916627956
13386285786
13122046405
13761507708
13817693259
13761455777
13817621862
13661818994
13901853982
13671941517
13661755558
13311853199
13003124572
13817696173
13764031768
13817008996
13816116921
13764609292
13636566128
13817639322
13003139716
13916057777
13916355403
13761376167
13916505711
13386128631
13764075823
13816802506
13301801187
13636574158
13918969469
13801622978
13761246143
13611657725
13482137286
13122111780
13122127177
13524140125
13818822857
13061632292
13122510839
13501684253
13816112598
13816332870
13916743283
13621678400
13801722351
13801877520
13901702626
13916382729
13501773188
13901921440
13701749637
13611688448
13818875021
13002173213
13761753066
13918189837
13061706611
13764388628
13501778563
13564801203
13917979615
13761331158
13120568785
13918757999
15921390612
13764630130
13816109601
13901958936
13391226257
13331912300
13611759999
13585530668
13916013023
13311899328
13916038006
13795319330
13901927057
13331889057
13916105563
13311781275
13818947774
13641626203
13641693306
13764690303
13801969886
13120800293
13601629866
13301739166
13701655806
18621583318
13764660957
13472853056
13020225686
13301906050
13917266889
13661704751
13641865421
13002194711
13002197007
13916827355
13311780333
13801669357
13817216670
13816801561
13701819658
13701701190
13601613801
13801720756
13818691913
13361810316
13818891972
13601923228
13601869689
13701981977
13621925782
13917623935
13020100847
13501979680
13564962624
13524342340
13122128170
13801655603
13311778688
13641687123
13391098787
13764505825
13916233688
13301619205
13764538820
13816308151
13901675466
13386032536
13611702088
13370009808
13003104568
13611786913
13918273156
13817018188
13816466888
13301766690
13817753378
13901734876
13003165919
13003167685
13621957292
13901700988
13701683321
13801885705
13301872325
13641802184
13524297134
13061600047
13003152322
13901739737
13041657856
13818397786
13002196254
13636431152
13003206185
13901715106
13901957460
13817173311
13916121194
13564741858
13601626270
13641950227
13585863356
13917473452
13916321813
13524319750
13917418050
13601679345
13601883671
13917111109
13020293930
13501814476
13501607191
13817969522
13916614598
13817516000
13061661908
13601749025
13816412921
15921801164
13901615708
13901859087
13311801086
13917207135
13564570158
13795384040
13818968837
13501753732
13501764647
13052015551
13901976490
13817813815
13817741475
13817893182
13386281688
13052422440
13023172569
13311901612
13817231405
15821668887
13501840433
13817890304
13818674666
13671881318
13916248587
13764319397
13524308886
13818021953
13611945370
13801692388
13918871842
13701744905
13761168903
13918739707
13795468156
13818828950
13032105079
13032120355
13661515668
13003222148
13761055878
13801986426
18621752338
13916556363
13611729100
18701921049
13601747878
13641624820
13901842191
18001894121
13601944160
13681649419
13301635862
13601761426
13601666152
13816896788
13122424445
13501909569
13917018620
13801852470
13901891492
13816384467
13918938016
13564888500
15821509663
13621940777
13661944867
13801727296
13301616383
13621725255
13311659150
13801723066
13918406190
13901956490
13361930373
13916381098
13651967119
13003157297
13601743599
13916531785
13611912067
13818185386
13916320863
13916360222
13331925570
15921723736
13816493328
13671880427
13651748722
13301939188
13917437903
13916555183
13061731184
13917263036
13761134220
13901874994
13601822933
13816720705
13916381667
13120580998
13641755256
15900808508
13788989239
13818377001
13501930397
13301718120
13501678959
13472469020
13585582538
13052005279
13564735118
13501711799
15021716968
13020127078
13917785998
13611688879
13501826390
13061669959
13701693556
13651948106
13795348266
13564232001
13801703808
13601617496
13701601831
13817505276
13636419810
13501948762
13818098498
13901834707
13501957548
13611660320
18917744385
13611776822
13681771173
13816286118
13002155627
13501884279
13601888328
13661806579
13122507316
13801752231
13917570850
13761149799
13501630293
13701955968
13311618862
13917750983
13916213920
13311892223
13041652427
13901814696
13301913831
13916608960
13818114052
13801651271
13564732344
13818806617
13816852145
13621775237
13512188368
13501811085
13818814425
13052086997
13611806943
13052370907
13701694605
13311776060
13761218719
13501683158
13764985960
13601967255
13002151822
13818889489
13661515353
13386156307
15901672109
13641658981
13901701193
13611662811
13816996227
13816640937
13621690412
13611682918
13801635136
13636443707
13386001888
13122274761
13166279458
13301608373
13916036316
13331978661
13901885541
13918779079
15900676807
13585680261
13020258883
13817801697
13916376288
13501821294
13701736431
13918878712
13916623211
13761269969
13501765188
13901790269
13564807889
13661933699
13818880313
13818167055
13391084688
13916620967
13601726843
13621934525
13601857936
13641600092
13301760968
13917358392
13801820306
13801953619
13918497363
13611871937
13671730626
13611919159
13801853236
13817651310
13916153696
18616795063
13917666699
13818882073
13391282626
13311661872
13611793818
13761048368
13564627465
13321871082
13311666790
15921655183
13818959288
13311802730
13901808875
13917517880
13122560653
13918826088
13601845258
13641923232
13701779296
13901730861
13764291517
13818383588
13801821206
13901700536
13681977960
13916376797
13641689908
13601653468
13061634932
13816864992
13817318177
13301661522
13331993765
13391042858
13585778900
13661448107
13311866598
13651811986
13761998853
13818188912
13918009959
13816848873
13801619000
13661452600
13917898853
13301696782
13917017282
13816685402
13901704406
15800333198
13918111842
13917305596
13801951686
13816496621
13601620290
13816467076
13482191410
13564105012
15901745648
13818046482
13816815915
13301855335
13917884873
13818386638
13162004317
13122210959
13301919239
13795242740
13801850790
13301706566
13311989266
13601955320
13311773750
13901706250
13764148851
13817834989
13601784788
13918965992
13916010773
13651667720
13901605133
13611762277
13916712111
13817805561
13761052690
13816205342
13061712737
13122220786
13501946994
13501897668
13501668452
13061666665
13002199259
13761099881
13501693294
13817001456
13761293966
13601792104
13311831798
13916751658
13661744309
13774232558
13482380819
13801713298
13818417319
13801975198
13817805634
13818645678
13701769592
13003192182
13918521183
13311857763
13301776521
13311628169
13162823273
13641897657
13818335640
13901807066
13381681119
13601628095
13301701901
13585865399
13901839659
13501813777
13002140568
13501808401
13764620039
13301687580
13482347879
13817378307
15821520953
13331899233
13472527442
13817059993
13321862965
13601730326
13501676505
13764314276
13916904386
13917048890
13818112149
13122233072
13801815510
13901708428
13816806901
13901890688
13621645767
13801673060
13818224723
13611683539
13901734680
13671865786
13651651185
13916463538
13311883048
13901875481
13585532268
13641906870
13003166793
13061698940
13601803265
13311999673
13818281257
13601927816
13916591039
13061649099
13585764745
13801732369
13641738611
13901648007
13311700958
13386086998
13801694018
13311880167
13818882550
13641823743
13916424742
13916444631
13901602786
13601689810
13918555578
13817956686
13917672741
13817873831
13524535359
13901894505
13636556902
13916307425
13564020115
13003264192
13386108837
13061702360
13917146666
13052462526
15921150551
13061731278
13651747965
13611853979
13501607810
13918093018
13817862400
13601943060
13816119074
13501970696
13917677217
13501792178
13611963970
13901830407
13801647613
13651799402
13818820507
13916039502
13621994386
13621998169
13621713127
13761558555
13311682358
13816686961
13916773509
13761863736
13818606170
13501812118
13311925883
13651878590
13331997771
13818106905
13122036460
13764942312
13916131329
13311889565
13661596847
15900957320
13901628583
13801948274
13512126066
13651925898
15901745533
13391317937
13817822682
13701608858
13381661919
13761202258
13621986650
13916430228
13818835588
13774271096
13901844226
13512178888
13003262113
13651665018
13917766093
13311661573
13023103759
13651709188
13801657405
13681751807
13061603623
13022129722
13601734329
13003156116
13311953038
13901973715
13636371727
13817860264
13801676555
13002155445
13020106593
13901615626
13816695869
13301904325
13120740090
13621616488
13501768699
13501916565
13901820735
13311666972
13817815922
13701694747
13801933918
13917765310
13918343177
13120748936
13391188028
13801961565
13801673321
13524897212
13311827263
13774432545
13601725190
13601713983
13816875782
13901728077
13801671788
13501939868
13524038898
13901792439
13817356752
13402187870
13701703358
13818734811
13817135301
13122520555
13701735618
13918350836
13795380960
13661520900
13636659777
13701647000
13601810486
13661420222
13917361513
13801949182
13386130160
13681809862
15021063002
13061616805
13764188467
13501831403
13901610331
18616592846
13301661371
13564419607
13795377228
13817827349
13061708957
13301871683
13901787408
13816096910
13816266636
13901968110
18616769079
13585851311
13816011517
13122439898
13918169065
13611636913
13020257619
13681977798
13564647131
13818933275
13801857716
13122578232
13701606634
13801920922
13371929633
13816101359
13918238686
18616770778
13916731863
13671510303
13817838238
13681728973
13022106519
13901862811
13524810280
13601720338
15802192001
13818766820
13361961983
13585812018
13501972010
13162877696
13817988319
13701853287
13671660989
13764088466
13002197636
13162515611
13003224443
13918333172
13311879219
13501699327
13391112671
13901625437
13564635888
13661606036
13901932720
13621952529
13061722992
13816910725
13701696872
13818688168
15000817168
13901930433
13052003231
13817305968
13501956585
13601918879
13901926930
13801827799
13761502373
13901666140
13501870188
13601627567
13524981527
13818163658
13524717988
13917086181
13817809974
13901643338
13801636596
13004172363
13816940372
13501882727
13585570969
13901634102
13918193918
13621882957
13817350968
18621105756
13801923223
13321882828
13817525555
13701952968
13061660209
13764316381
13901966450
13003177928
13817587509
13321992762
13651871808
13311779600
13818006116
13917091888
13901735226
13801969211
13512164868
13681749600
13661967333
13061767616
13564712168
13611617162
13601621337
13816768259
13301902011
13601958672
13817091742
13916430050
13801975584
13901792564
13701937567
13761228818
13817859798
13311994172
13601708395
13564669119
13661950581
13621809050
13801881411
13901834776
13916105766
13641874913
13817562767
13701905669
13917221002
13391113679
13816855957
13801862995
13391191356
13701695093
13061653371
13651720937
13818165060
13636539313
13386282383
13301674347
13817392304
13816110622
13916100203
13601880799
13661609669
13701708518
13818478945
13801641028
13901763580
13817511079
15901857829
13916763050
13701781666
13003108418
13801757239
15121185211
18049739669
13585519982
13651711682
13817074097
13301929061
13816335012
13801653422
13661891697
13311803759
13701745500
13816808012
13901777920
13801635635
13917655065
13701830296
13816748728
13917844666
13916215666
13801943769
13817555342
13472653779
13701767016
13621821552
13321997085
13816155876
13701802617
13916032278
13601815336
13003121399
18616353993
13671898818
13701746942
13916851000
13301985362
13818885863
13661813189
13601814930
13916844324
13817907707
13801867277
13020203921
13817665269
13391315188
13761100111
13701609363
13564137369
13701993421
13661898890
13701998521
13301795555
13386243528
13916709518
13621671931
13611878849
13916383297
13386036653
15692197151
13818738213
13901631485
13817154808
13381728065
13901794663
13818213188
13901738884
13816394736
13916016268
13611880042
13817978606
13761178248
13918287135
13817018763
13661407325
13817989172
13801639276
13818548162
13003111949
13061737376
13501810960
13818251878
13901813150
13524119305
13002158462
13122483184
13122506009
13916217612
13818715055
13801959393
13817137363
13061765729
13901797625
13764301811
13482306918
13801842086
15021671983
13611988150
13817259992
13661877772
15921669602
13901653415
13386122095
18930397678
13801822998
13601713602
13916551826
18616774894
13311775563
13564165665
13901959314
13651782776
13764008688
13916866356
13818224000
13817958546
13301868961
13788934558
13661825323
13901727618
13817693911
13501843342
13917362491
13061665197
13901871522
13512116119
13817682308
13917679607
13651903118
15921952443
13061620833
13816137004
13901645498
13386166167
13311775669
13701951195
13641788305
13601997006
13901952997
13761473829
13301700519
13501755377
13061709296
13585926006
13916548825
13917988077
13916383916
13817818486
13321850185
15021250996
13918297920
13122880096
13501681187
13122457713
13701811381
13818662888
13917350400
13301709273
13917607587
13701959403
13816623881
15921480370
13761765890
13901783172
13023118251
18717788766
13585983505
13311671505
13801826934
13002153455
13801869340
13601723684
13311889823
15921252255
13901947838
13764636132
18317018029
13901927220
13917278320
13611690567
13817795811
13816385890
13311890825
13701852281
13386271800
13564069583
13801858203
13701641821
13801758123
13611747969
15026802364
13818687178
13918188651
13916314491
13482143708
13917110836
13918436489
13916241955
13061601038
13918472279
13801791818
13801953223
13341712988
13311788358
13817099477
13916106327
13311870657
13671708782
13918228676
18616759001
13681892318
13764261223
13816929978
13916740717
13641977036
13361891678
13761598688
13916596207
13801609682
13601678683
13391023391
13701727333
13801809588
13122584547
13621827209
18016496198
13120787233
13817568196
13301600286
13501806018
13564676416
13311708670
13301666999
13524631558
13818097568
13916144933
13162776510
13636467173
13801857819
13120718777
15800717270
13301790853
13023296729
13764165083
13764143031
13701662708
13918445920
13641990315
13764319391
13901968030
13127677168
13472800445
13817834125
13661603780
13564112766
13901899513
13816678606
13764301497
13817380131
13901929253
13601811936
15000939076
13512188200
13801964159
13916798533
13818541291
13818771818
13818464641
13816335575
13601906111
13651666230
13901861738
13661615886
15921550036
18939781691
13621992460
13621990481
13701614096
13032133321
13651712157
13917396963
13816738892
13916322330
13601870933
13816858026
13917292167
13386013090
13917590721
13501614111
13801974658
13917359157
13585828897
13061738787
13901794125
13701733790
13916211117
13636582851
13701910556
13901782667
13916510554
13120603889
13311661577
13901647655
13501778299
13761132222
13801824972
13611875526
13472813217
13818257600
13701830576
15900480558
13801753214
13916060600
13816328341
13801652283
13621712838
15921907033
13301853957
13120589566
13801958225
15000004445
13311676099
13916039640
13564260203
13524051141
13061705512
13916106780
13818877527
13524622882
13501715573
13601707507
13917563421
13761139565
13061663288
13641946670
13774408007
13916108549
13391161683
13003231838
13601727963
13482567583
13701655026
13816802304
13764131404
13601681598
13816350659
13361831335
13601626583
13601800221
13585985335
13122883338
13818051818
13916788888
13636650864
13817878498
13816321268
13901602081
13818970897
13601730218
13918874336
13901857567
13501707953
13671777099
13501860773
13901932726
13816288700
13916511155
13120720566
13601714789
13801828067
15901897711
13564230047
13761100881
13901964122
13817744555
13818142700
13671630532
13564421011
13916470805
13601685089
15921053810
13122777838
13311912098
13611880080
13816630517
13816673193
13061634736
13816863080
13564206666
13901651401
13901754976
13601637785
13003105016
13901616825
13601688790
13764304009
13671736028
13501941220
15900799377
13774307118
13701691759
13501779176
13764990637
13671991057
13311778003
13817359267
13901624159
13901700263
13818916737
13501683268
13901670262
13501968465
13901695559
13661434556
13120563460
13386281598
13122550710
13816888104
13901645925
13022183310
13701834555
13918584292
15102139005
13311778236
13917381733
13817863106
13764732165
13701705890
15921735443
13585972819
13564651777
13301658815
13817824638
13585767472
13901793466
13901892682
13501752777
13917275871
13817812958
13901639687
13601682839
13801945462
13311671377
13061737776
13611999096
13916541488
13801728781
13311830759
13311635778
13801799399
13601821668
13671665510
13636500366
13482843112
13901617840
13020288207
13816654723
13916440557
13916582088
13311803260
13661616413
13817511492
13901861280
13761786827
13641730759
13564795411
13916351732
13331876365
15821212927
13801798756
13764043066
13916988668
13818387202
13817509670
13916103452
15821060258
13501847942
13501977373
13817639047
13311873606
13818805860
13641904507
13701745584
13002129209
15921292118
13585794592
13801970627
13917844086
13482715219
13601791222
13817280527
13311804401
13621853786
13901618386
15000618818
13901829855
13564221511
13901821405
13701844865
13801976554
13818167485
13501882555
13817832937
13611756445
18017744567
13331853158
13917724555
13701782088
13918248688
13002173343
13482056388
13391215175
13331995136
13816156592
13901713622
13761000957
13701699192
13916797368
13817692828
13817308396
13761586998
13901863378
13816019686
13918672222
13585503546
13817512077
13901797330
13002193300
13816465161
13501713773
13818475028
13501917767
13002177678
13701741958
13386283323
13167023528
13701649933
13918498585
13601755478
13901877540
13661758197
13816838361
15800398968
13917869780
13611850414
13601747149
13801770301
13901856847
13901767680
13917898843
13918572586
15900688008
13901604398
13585799588
13917635019
13301772667
13817911588
15900953578
13901997110
13611932896
13817200936
13166328246
13701884897
13501657705
13901835293
13162655633
13162719318
13818592637
13901841596
13817083190
13901848105
13045671303
15902155970
13501806488
13166418456
13818802225
13651923141
13601731127
13901839007
13601603355
13918044150
13901619317
13761623290
13801873611
13661790391
13061760690
18621500572
15900810877
13816671445
13564190454
13761803620
13818898687
13003254185
13918026965
13601880302
13501825512
13801658549
13311667286
13818767077
13564306558
13701856854
13311711218
13661801973
13651967135
13916107051
13641610150
13764489710
13564991588
13301613597
13386075187
13611997437
13801965837
13818083882
13817382887
13621731731
13916606940
13301815365
13818384041
13901775113
13901611700
13817891422
13764523188
13817553940
13916598159
13512197993
13162244586
13901621278
13916341273
13901649814
13671975258
13801966437
13817385127
13818148510
13621617522
13621933707
13916453393
13816125356
13122251315
13918159678
13818393165
13701603818
13817909646
13764155086
13801852974
13391216775
13482291144
13801906684
13918691885
13801639427
13701732765
13311713527
13816251863
13301860800
13901833900
13818041523
13916518040
13917670608
13817829191
13817540175
13817172580
13701915666
13701701127
13661689724
13301771311
13901651299
13917363552
13818824149
13501881568
13391088835
13651759892
13916743334
13701706272
13701989717
13817350882
13901912264
13601903580
15801923538
13301913598
13621929088
15921918510
13917145459
13564655048
13601614266
13918348165
13003100983
13671634681
13311636932
13671771728
13564134301
13916012700
13764104668
13061672232
13611818886
13061717349
13611659471
13816249462
13501701615
13701764168
13917487378
13817756122
13817256770
13764935202
13901774103
13391009866
13816110176
13801798227
13681843865
13052020772
13636464201
13482415507
13701942873
13916679030
13917386848
13916619312
13611832037
13621719113
13817971927
13301875955
13918023222
13917054821
13801654308
13003260576
13701878268
13641855222
13671547552
13671571801
13816748970
13801661094
13501786210
13801656583
13611727570
13681679183
13917768740
15921150946
18621712441
13641937626
13386203227
13671806557
13621715000
13901610905
15821531802
13917356898
13585827923
13816048960
13918815759
13641798125
13564488669
13801737080
13801736704
13901666226
13472705611
13788990509
13661742081
13816341809
13816677914
13611988006
13817601888
13524261397
13917524980
13901851970
13301858438
13817897697
13661525240
13901691149
13818030911
13601771927
13917892980
13361963027
13301868875
13917654084
13816886028
13918583509
13901612206
13501766755
13901604390
13701928923
15002133639
13585642108
13564658067
13002198207
13801910696
13816321223
13391127318
13386005800
13501969029
13918913893
13701709179
13386010180
13901823303
15000967599
13701731775
13801961272
13671718899
13585536139
13764666605
13311764000
13331961270
13817759701
13501646720
13391181692
13661754529
13671559924
13901854188
13472722897
13917140797
13918969536
13801639628
13817381377
13801882097
13311856378
13818228985
13764504332
15821611782
13901913025
13003224824
13641816032
13501963131
13795482152
13901794722
13166169966
13601612106
13901798295
13371890950
13917411392
13918789419
13761757319
13661463622
13774225919
13816619197
13301837150
13166163452
13818373826
13901749151
13651815471
13621945023
13818689596
13901703021
13386086832
13002199206
15801921412
13601618444
13901941787
13671630869
13817359079
13901921441
13701601715
13901655365
13311891676
13621842481
13817615441
13391121855
13901866588
13671621082
13801773390
13901795844
13818273061
13701829570
13601784298
13818231818
15901797587
13311809555
13601691550
13916489643
13701629896
13917574150
13331991900
13916586068
13701706606
13801782888
13501932835
13002197841
13901882138
13918140409
13818658688
13701744110
13764920641
13601843623
13681890819
13916311511
13817854061
13601919046
13661617858
15800559041
15000097918
13917479518
13003198757
13701609052
13045673050
13795336267
13002197548
13818191937
13301706274
13801853074
13801938436
13801934264
13061712215
13311611900
13901799871
13641625140
13816396738
13311687988
13391052270
13301711970
13761775778
13003156287
13311670368
13386033297
13818132625
13801718222
13901701687
13701792860
13601927979
13901696012
13321898097
13386285269
13621649883
13701958314
13701687402
13681982008
13636551192
13801704605
13916668898
13918871818
13651658609
13701884869
13901753551
13916526089
13761690926
13621868020
13661553771
15000124222
13816287532
18616823635
13818113558
13901681699
13061624652
13801863075
13918489031
13917670598
13311790211
13917720272
13817090603
13801815520
13012885678
13681774549
13916597996
18602120209
13916946116
13381695395
15821968889
13386283210
13901612185
13764330505
13524803346
13331959001
13611909532
13122298229
13901934479
13901927915
13817010629
13801717012
13601965169
13501770046
13761697466
13482155622
13681884240
13816101078
13585903660
13917382148
13817163030
13901885139
13122036665
13917572968
13564843178
13901731728
13301719172
13386169336
13918249695
13002123985
13801672076
13122567493
13386286919
13311757009
13916127113
13501831147
13817669728
13916541263
13311964390
13917306071
13701782552
13916512652
13301814998
13761209870
13601868622
13917384658
13501685050
13816210193
13764169882
13817272444
15001865920
13003216046
13801863180
13916879897
13564615685
13901852150
13918184850
13801667885
18721499703
13701739783
13311661639
13611795808
13901637192
13636698713
13817567392
13701732898
13701859342
13817553868
13331958852
13816341118
13501819166
13636518180
13386133696
13818188463
13817516492
13917381587
13601962887
13801878755
13816107003
13916028740
13817368763
13601600891
13701771619
13301631837
13801634265
13817381516
13817613637
13301690856
13817536499
13651644697
13681839098
13651651180
13901955650
13501776758
13817520200
13301777707
13321891196
13817644580
13002156288
13301788359
13761332870
13301791578
13817558866
13916689356
13512191341
13816788933
15800973689
13023230020
13761108695
13801696463
13301917151
13801851082
13818630898
13311700498
13651733882
13801636166
13801640547
13003132273
13002196357
13818974903
13801676117
13661453098
13002117900
13761995385
13917461107
13002192200
13482218830
13816007999
13386162083
13681719611
13311767025
13774248134
13361881770
13601735161
13901634127
13801811068
13601882972
13801715017
13801732820
13371982528
13301661928
13501947856
13901624027
13311665010
13023230765
13701703466
13681677875
13636682360
13816019000
15221095176
15221166968
13816413231
13391122565
13611992770
13564981941
13761257540
13386168812
13918986665
13564567304
13611746352
13641912906
13801621152
13801678315
13524107092
13501968355
13003119339
13916029675
13916106160
13817606158
13761322168
13901819613
13391329995
13636651128
18918199928
13901852701
13311962877
13818408479
13501915887
13501846890
13585709957
13764939676
13621975348
13601922288
13564342802
13901703643
13918925338
13817382913
13817395273
13916219587
13661957732
13601639637
18601685376
13301758299
13816803096
13501985605
13818225699
13917171603
13621918200
13818967720
15000111301
13817832088
13761200918
13701737979
13311911927
13311853505
13818691911
13501836547
13386086917
13901945758
13817765957
13916279015
13917195916
13801802672
13816807582
13918309615
13816766605
13916336288
13701921529
13817359355
13917352051
13818733075
13321861623
13003129398
13311918993
13651638296
13701950696
13524282337
13641611317
13501686265
13795360294
13601804700
13816814321
13162777158
13818253456
13601781923
13611888778
13917714782
13816746666
13003151007
13621867950
13801634983
13916604723
13386209166
13002196195
13901712910
13901643881
13501620811
15821268353
13501764157
13901964599
13901891796
13817335481
13901672098
13916535311
13585735889
13901756347
13601835717
15900778712
13311778689
13918272550
13816967858
13917397368
13816866550
13651655054
13916344709
13918252005
13311851061
13701913662
13817093969
13564100039
13651903867
13801862554
13002176902
13701695650
13501941332
13761386089
13601787886
13901761558
13585998844
13761108069
13122911969
13818715226
13801752605
13501863060
13003144806
13621625328
13611632238
13801974427
13801709589
15801709321
13311705787
15902140368
13524903135
18801819228
13003151593
13761850521
13818273343
13816679978
13818444190
13601818276
13701679321
13764735466
13916120263
13661478348
13524244769
13918204048
13661663267
13621854798
13564187516
13916000870
13901759910
13611982993
15821912706
13003153053
13764303515
13801697378
18616930700
13817142693
13801884013
13601946138
13801789777
13301662125
13901832970
13918107810
13816915153
13301925599
13386281933
13817389337
13761863313
13012863135
13601990947
13801975254
13916670739
13311628278
13501999112
18616811320
13601626069
13701703094
13817815010
13801832435
13917632768
13901881198
13801750435
13916102665
13816330379
13916511473
13301910953
13301710272
13816675377
13816462267
13761309899
13311808922
13701744737
13916345818
13331999782
13301606200
13361813363
13817860716
13386126680
13661500959
13391287702
13701972111
13671989221
13501943974
13585512573
13801821506
13003250000
13918875783
13917397433
13585850552
15021330670
13524460848
13816318052
13301823353
13311920553
13701658290
13801649369
13310023192
13764209509
13061668097
13386155559
13585898229
13901646579
13311666792
13003255119
13918792580
13003120907
13901977635
13764303183
13671521723
13061709049
13621618506
13901989541
13918625118
13917837559
13701708606
13816839072
13916364177
13916498888
13917222063
13651997388
13917892121
15601618844
13918355825
13003249826
13801839781
13501682324
13681948821
13817450379
13817368451
13801672459
18221591676
13636699004
13801822520
13818802885
13917568210
13818803130
13816335715
13701709779
13918199559
13916848606
13661628698
13916000771
13918905353
13391127912
13801723896
13501960318
15618891257
13918402339
13301601000
13918705530
13916027716
13681918328
13801776880
13611998817
13916960269
13301659835
13311651238
13671619330
13917666188
13301696225
13162616293
13917885237
13918600508
13761627214
13901711970
13701943285
13818100716
13301827056
13917688935
13512183923
13301855669
13681689132
13482506062
13916280601
13761964341
13661945281
13601754580
13801739488
13917035341
13817581598
13801735058
13918660789
13901988461
13585998018
13816993210
13311666116
13564002766
13341689338
13341904970
13817617057
13641957727
13916688169
13585799960
13916604865
13361819938
13681878287
13301694697
13611716710
13818372166
13482888199
13818008539
13901655336
15901758858
13611889230
18221108131
13761117789
13901745999
13817910888
13901687736
13611953650
13311934293
13901820388
13818665226
13801612788
13817802228
13816259795
13701897257
13901680264
13636659958
13386286273
13901918801
13681915824
13801687894
13818198988
13341609018
13801902210
13003196095
13311696935
18917216610
13501695323
13816106037
13901656830
13918347710
13564095600
13774409798
13816788829
13916615770
13801951468
13918683177
13611857238
13661480169
13501670917
13701625517
13818023904
13801702531
13917802866
18621878002
13701841271
13901633988
13817381720
13701722071
13816650911
13764209838
13916662814
13818661218
13601625150
13002163808
13020190132
13020252268
13701775745
13817099964
15900813598
13916439730
13391050189
13022197441
13918619848
13386101301
13817640499
13816845734
13817668123
13816271918
13901994155
13301631728
13918066262
13818796478
13801888786
13916476889
13917032718
13901681098
13816437312
13817669200
13661633311
13817966023
13501942599
13301613778
13301635351
13916520284
13681989541
13311788787
13311728068
13501772365
13918876086
13301709168
13564811005
13816802007
13501941011
13564499290
13761787929
13621615243
13331998261
15692117193
13611665463
13501905520
13501757978
13661611008
13701791520
13918801666
13301999999
13818836789
13801771579
13818782627
13701777555
15800941117
13901786036
13482080308
13564337664
13601737670
13761408499
13801961482
13651808119
13701702392
13701834290
13022185775
13601695676
13788958106
13774213332
13003150726
13301818418
15802156639
13916741666
13061735407
13761601648
13166398577
13816359436
13816367652
13817852078
13601946417
13661553942
13162982860
13601740950
13585833373
13801785824
13661500448
13818922530
13917822973
13818767207
13585649811
13361816508
13801750586
13386209398
13801818925
13661825363
13917947767
13601621016
13601921181
13601736832
13701778568
13901612812
13764968399
13816523799
13611737535
18930205862
13636568719
13061769781
15921142525
13386132808
13636332152
13585895388
13671583578
13681989369
13818519268
13761671389
13816313485
13601748870
13701687376
13817322627
13501981702
13916363875
13764615987
13764537887
13817305099
13501734018
13641815939
13311658121
13701863689
13651615707
13901640295
13122534386
13916597969
13701984998
13801856488
13818810700
13122580757
13901797177
13818478998
13816038700
13916373638
13916377592
13916346449
13901707097
13564588885
13816297990
13801656407
13391085928
13311666717
13801610919
13651699229
13901644068
13916944650
13601852437
13023227342
13917336606
13501688923
13801735178
13918787377
13061720608
15900613365
13816673336
13331996569
13482364488
13901742464
13061688420
13918701630
13003107920
13501944633
13611978767
13311804325
13801764672
13701733409
13003252771
13901859135
13501769572
13681603806
13611974373
13817319230
13661455875
13681882900
13901877777
13701683698
13817847497
13681871464
13601687159
13817335145
13761249469
13816022924
13601875960
13901903688
13003222618
13166149218
13003212732
13816772067
13817661379
13818881167
13818866854
13386115278
13611716836
13061737817
13818361831
13901955092
13801852552
13916104217
13386173811
13916371616
13621623463
13916147763
13761680772
13311978038
13918935777
13916123648
13801805521
13761631213
13701949134
13386126268
13818950165
13916413692
13816807710
13601945228
13818187018
13003230159
13818636728
13901846467
13501754253
13524313846
13585600006
13817057810
13701962252
15921094185
15821207570
15821448918
13801786288
13901923846
15000370330
13901962371
13917245098
13817819052
13661537688
13361938287
13636375113
13816721331
13817839141
13818196885
13816803694
13501844673
13916742843
13816617162
13611910856
13311937237
13311709377
13916366876
13901668252
13501753035
13501669773
13901793728
13003211380
13585729196
13386280700
13386207753
13701722070
13311821655
13818699268
13501776081
13061684307
13701762277
13816130801
15800819233
13381959005
13816863317
13501990831
13701746970
13761871853
13621827575
13311963677
13671612620
13636612177
13701716722
13818216510
18621880696
13671552805
13311759165
13301828632
13818761343
13641712221
13901958670
13311772966
13816371060
13901615504
13701736138
13681787763
13801736911
13311805246
13817202211
13916669773
13611929290
13370095576
13917383962
13761232727
13501908053
13918451599
13701969746
13816133168
13818489728
13321907088
13370000265
15800672241
13601715062
13361950678
13391168756
13061731881
13901927725
13311988092
13331889619
13901704929
13918593538
13901801173
13311770722
13801931585
13381902323
13801755879
13916594710
13901861568
13381921388
13621999439
13701919730
13764310982
13816090530
13795278984
13311670209
13818689699
13651811341
13916249625
13601981176
15900566669
13564688808
13651901363
13601699620
13386099672
13801732041
13601603315
13817218410
13818781321
13601688735
13701885156
13386259069
13816321740
13391225991
13386036187
13761935494
13917020337
13651695109
13601736662
13817656870
13816898525
13671796318
13585630006
13601683228
13301988867
13701695962
13918873560
13816410736
13918245591
13681636688
13916364320
13816863272
13918827640
13901913803
13162054117
13816674899
13301900837
13761581988
13601734080
13801639955
13788958110
13801821991
13901784103
13020289508
13801924270
13501993559
13601858542
13916104710
13901758956
13701951267
13311792325
13816702014
13524828406
13681950058
13701696384
13801723322
13817828465
13611722020
13818140666
13501667075
13916747554
13482654878
13564136725
13601883096
13621733590
13816293736
13817203618
13818762808
13501926026
13601621393
15800306601
15800336586
13023107270
13917059371
13901923847
13681650778
13585813815
13386266690
13482114593
13501696911
13917386158
13611758645
13901791855
13301636323
13501941003
13391294949
13818833917
13801781039
13901923263
13917900259
13391361835
13901767326
13636634486
13041664364
13651687016
13601815896
13901777266
13061701316
13816366363
13501968999
13801613673
13916093748
13701790706
13701990934
13818391391
13331989757
13003187378
13917785667
13917463458
13381728868
13816567519
13801920795
13817063377
13061699568
13311804596
13311805608
13917316146
13501903965
13311833715
13311835317
13501858828
13651849963
13701789560
13166010670
13761666622
13901645493
13301868788
13311959258
13801955231
13321808389
13816135574
13916377333
13901728457
13901888449
13501972820
13701748656
13818028550
13817803010
13901878640
13917985551
13701992097
13661536741
13764053126
13901738359
13901701932
13801715698
13901876703
13817955828
13818087637
13661891091
13817016171
13681892655
13764316749
13311631363
13817517371
13901832583
13671507448
13621891358
13817387468
13621715850
13641681171
13321866616
13801992912
13818928529
13061735426
13701852887
13002112512
13816208558
13817663417
13641830668
13601627019
13818219159
13524555605
13816139820
13916531886
13761013020
13012866062
13801692598
13501982226
13917563963
13701800562
13311957638
13817814079
13817815487
13585853397
13761629587
13916608122
13651806820
13918367520
13817875970
13310025665
13817356920
13671929716
13761457032
13817696486
13917661376
13061600766
13061630628
13818019137
13764317373
13601701948
13301909978
13636630156
13818067538
13801941662
13501805540
13127656667
13818167901
13816508896
13331998782
13901859837
13917707888
13918903731
13801681079
13918782110
13601982919
13795306636
13601968760
13918331858
13916509898
13052087188
13918195099
13816339738
13585916097
13818181630
13621961200
13818689887
13661700198
13917118222
13901790393
13801768680
13701623899
13816449985
13764911234
13901730601
13641721726
13311636828
13661841923
13918186130
13122222222
13621657009
13816129849
13601957386
13651630995
13901609078
13585782007
13524745059
13331922953
13003265718
13701780362
13801863273
13816120726
13472514269
13701757671
13651644773
13601949571
13501978592
13816029140
13636371921
13701982612
13817366723
13681701950
13321891686
13321897813
13801927220
13817891866
13651628588
13003155979
15800671807
13482830222
15821988157
13671787749
13917993235
13701943219
15921059797
13801901125
13816123256
13901611582
13061766959
13916521997
13917623457
13901835116
13636380103
13641747015
13564421193
13916625000
13585852128
13701940307
13801720510
13361965912
13331880800
13801622626
13817668589
13003265558
18121112916
13331988919
13611728582
13636303097
13916348639
13818213316
13611754227
13918287621
13003181305
13166358358
13524440148
18616587650
13918082041
13761529739
13701649032
13636629279
13818817526
13761369225
13601619467
13661966817
13301633631
13311666506
13916011907
13020153685
13386151911
13661605219
13331829991
13311750565
13002133330
13817286666
13621638236
13311975699
13817367475
13386283031
13311904815
13601787805
13901929570
13801854947
13917357058
13370020759
13002181755
13764075515
13651869385
13386283508
13671609251
13501992543
13621938362
13501625155
13817227735
13311718930
13701708268
13816487910
13651987288
13391307973
13917433577
13817271456
13917338911
13636366418
13801693666
13321858951
15900517627
13917512590
13611774859
13524200022
13801654633
13611677789
13564667910
13918419878
13501753153
13501758112
13817874030
13601847524
13386267203
13601737572
13482808010
13801846220
13817660259
15021581773
13585967776
15800313818
13916822692
13801941358
13916558122
13816802496
13361822728
15901788882
15901877837
15026828391
15902199660
13801672786
13701703380
13601652780
13636613893
13651888232
13916115557
13817821810
13311958275
13003139082
13818093488
13651927430
13818914591
13621932079
13918156517
13818007130
13818108528
15900572546
15902160177
15921128550
13002118780
13918874977
13817351588
13601625752
13524321422
13764376205
13524069154
15900969178
13601670985
13601896712
13918332189
13816502857
13301665088
13801945982
13482339543
13611833165
13601601771
13020299888
13817836232
13482765555
13816044259
13916556162
13585700166
13002173718
13901739617
13671572847
13311667559
13585624503
13301702039
13801963058
13661866066
13818468753
13331999833
13601735938
13611990308
13671805769
13816267236
13795452123
15921129911
13916608757
13918586980
13044113001
15921554955
15821777060
13901738348
13601913084
13916510834
15800622468
13761917828
13002197367
13512171435
13651784799
13311623692
13901682444
13585501201
13651769248
13817879522
13901830533
13901927823
13671908465
13601895572
13918221166
13818777598
13701923316
13311679850
13801730897
13524270900
13818105111
13621929732
13611636522
13901890437
13816957012
13801778898
13003172496
13611971979
13321892533
13774411973
13801979522
13301836105
13916198113
15901615238
15001701838
13331969151
13331903721
13061610661
15900850060
15902147318
13801756428
13701705649
13817669008
18817271667
13601825004
13681867382
13818806985
13701733295
15921331861
13817808208
13651982538
13901817122
13044673830
13482154877
13901612501
13482207955
13482226725
13901654979
13482254568
13636379485
13671531429
13472751121
13311783560
13801979644
13301938835
13003255367
13651680523
13801729573
13621725760
13916606948
13601726411
13917098269
13671695013
13901618078
13621666664
13761638460
13601620587
13917646504
13774328525
13601718910
13774352793
13311913628
13301768079
13817814886
13651989830
13817861505
15821416886
13761449511
13671700089
13321895028
13817340333
13801752843
13601670266
13701929484
13331815913
13331861123
13901863339
13901926645
13764684281
13636676518
13817019716
13901614635
13818739151
13331995585
13818679956
13321839979
13917607318
13917291799
13311916187
13918186721
13818967332
13301854803
13818021288
13601944448
13816377325
13061765568
13601921764
13816266561
13901952481
13003178677
13301679101
13524673298
13801723770
13916367598
15921062628
13501751919
13816500280
13918688851
13122530960
13761897785
13901776418
13917922287
13003162650
13816968345
13901929334
13901955404
13661555053
13301900733
13020257653
13761691658
13611644622
13122620728
13122300333
13641617475
13801899390
13386281810
13311869378
13002175823
13003266222
13917756676
13801961886
13801650830
13003106665
13311789913
13801633336
13524513882
13002115830
13801987633
13524475498
13601719128
13795458177
13801908355
13601697463
13501681617
13061721333
13817372027
13818816029
13918217136
13611861795
13801796131
15921009157
13801913331
13816643236
13681600826
13801812288
13564235024
13681961150
13661608102
13817377697
13817742710
13391132145
13817818414
13761804776
13818836358
13901921636
13901896062
13661953896
13801739151
13671500532
13818699696
13636629806
13761752420
13901736391
13601715792
13916736465
13701773276
13331857953
13801847508
13917992361
13601795836
13901864852
15921411806
13341666276
13512148371
13601973696
13311865370
13701801893
13817270120
13916593201
13601946746
13641603636
13311772581
13651917518
13917605205
13761637228
13818920600
13701923053
13901938716
13817443298
13501627498
13501751800
13916541666
13916119991
13661938808
13301683826
13621868776
13801660397
13817975576
13023131998
13916390218
13601911919
13795364388
15301880068
13681866500
13585666866
13918278824
13817511015
13361805602
13916002196
15801708993
13311758033
13311830881
13817384882
13311880598
13701842727
13795416224
13601999380
13501667230
13917880147
13901779668
13601839621
13801672900
13361812208
13311822393
13801802951
13601676878
13601633762
13601641116
13916204699
13801781240
13916368844
13917825783
13761131697
13311960201
13003139516
13601719522
13501804233
15900445248
13818804723
13916474398
13916362931
13795273089
13386163330
13564782313
15001908884
13501639001
13311711865
13311988987
13918063514
13301710611
13917772666
13501880333
13311861808
13501758764
13482818277
13761869394
13917985858
13301877357
13918303398
13801765672
13681882030
13301696817
13601960911
13817830373
13681777181
13564602247
13311788637
13901936456
13817803457
13901685980
13701798791
13816093364
13621712336
13501792283
13671547090
13621784104
13601718309
13917505197
13122786475
13701733454
13801910722
13801786681
13818058063
13003100776
13564058972
13901941111
13917285759
13817908008
13122521394
13361963266
13311797589
13761916664
13774265350
13774469928
13917317279
13801964725
13361806363
13671661256
13816955809
13816834800
13801921836
13801969293
13501751261
13003214895
13761117874
13601752164
13761792757
13901752777
13801764312
13601629392
13901840478
13817307490
13061668711
18621988572
13916102542
13361999882
13701908988
13818803345
13003255675
13701802383
13916039408
13611743115
13764086088
13818883812
13636579428
13901893415
13817815831
13901644166
13601714595
13003157829
13901854930
13651656066
13701776178
13311958695
13361888282
13564126654
13524715062
13818299888
15901878533
13817322432
15000967218
13817602632
13916036986
13916148779
13701982384
13817865228
13386162716
13681989249
13818797886
13816092348
13901991882
13564556265
13661524286
13041618470
13817815848
13918117221
13918940991
13601740838
13818231219
13501864608
13816102483
13361981231
13052008025
13061671769
15902170973
13816855456
13901813173
13636674918
15821995900
13311971197
13564546686
15921292913
13918428110
13901966121
13761548698
13321896093
13816862027
13817072754
13501967718
13701954128
13801971101
13386039926
13311809950
13901613161
13817892287
13701838119
13916216829
18017903182
13901806475
13916516002
13901928557
13788905946
13801735150
13801820226
13801809116
13816608801
13817369838
13817730566
13003196975
13801759138
13003125871
13061771802
13818972372
13764662222
13601649088
13120633211
13501855820
13301757388
13761064571
13901642384
15800905316
13061712707
13761304578
13916232066
13901695388
13381578621
13816311000
13512118270
13301709128
15800956399
13801749477
13052003162
15801856588
13381987011
13774289150
13636312590
13331858770
18101699169
13817789595
13801921788
13681732656
13501732042
13321811082
13701681731
13901703470
13311985163
13564339799
13918874678
13816315733
13661852444
13003284040
13641919417
13916811827
13564701285
13817229953
13816503844
13917383372
13386188629
13681985028
13901952326
13641719290
13916838400
13816358857
15900988208
13916366329
13601885086
13391155399
13601623170
13817852948
13701821777
13817869517
13585781755
13818360675
13041667725
13918187525
18501609539
13816888677
13916022588
13816250958
13601841872
13817003378
13916006192
13761784025
13601695598
13916607337
13701708204
13311952812
13621946436
13601637531
13795258129
13795395151
13370017219
13061660752
13917048789
13564909188
13916025791
13311777717
13816620672
13801603581
13601737999
13701609000
13917622576
13816809509
15921339157
18616534562
13301922158
13901906158
13761017837
13501613995
13601837812
13311823030
13701603551
13788930870
13636626570
13916111810
13611749999
13701704069
13801947026
13816100673
13701627829
13761966818
13916720469
13601906001
13818889696
13370292265
15000308191
13311911266
13917388581
13801823843
13641626435
13817801838
13917898122
13916606608
13701783706
13901629743
13621812555
13916748920
13818755221
13918903911
13901739852
13918973215
13564270400
13761082755
13918454565
13917485556
13901663338
13817636038
13817060956
13641921161
13816867167
13701623343
13472795357
15902198388
13003191856
13818175455
13764317027
13916374519
13681663856
13916517100
13671521072
13817533755
18616971770
13817558828
13701942942
13901614158
13611705063
13795325539
13386280792
13818978060
13386293159
13701813230
13918914240
13301776790
13901927504
13621992650
13651910361
13917879930
13386286216
13918829882
13331822715
13002163783
13564077533
13761090003
13816686485
13651860015
13917784014
13681621093
13311759193
13651931038
13818201189
13651677030
13901888128
13501968519
13611898028
13764677000
13918583866
13901766729
13601812269
13701639376
13651883694
13801948139
13901812475
13916211598
13816783163
13901944959
13901744685
13801958255
13524904249
13901925779
13917708773
13601781136
13801758063
13564196674
13621797830
13817321688
13311979766
13564575166
13818393258
13816494320
13801654862
13564673903
13301700109
13564951382
13641618553
13761411128
13611885654
13818675822
13601737422
13601821666
13003123106
13002193003
13402017878
13818806206
13003176176
13167151681
13162057636
13795365977
13795375199
13916039599
13311857913
13761980001
13916826175
13651876452
13901614952
13817279090
13901766308
13764614356
13916371002
13501645666
13391297729
13391196588
13004110338
13818128327
15900755780
15221531345
13764327576
13817655296
13764518008
13801635860
13818525833
13818415007
13916504136
13817300980
13661610593
13301779158
13361988630
13764999691
13003216033
13501887875
13052005113
13761128046
13371928956
13061711709
18616635979
13611731628
13818688166
13901705600
13301799769
13585809324
13701802695
13916228150
13818957493
13917295028
13801737215
13671888893
13901885316
13816296646
13651601395
13585966778
13816859208
13601722822
13524683523
13761057007
13816509188
13916375988
13122778877
13901957621
13817891776
13002114924
13621988865
13585981811
13701742059
13661573486
13122484398
13611794422
13661466664
13701600229
13816826199
13917338177
13818908087
13817502238
13801969383
13020218125
13801983430
13524839388
13301709658
13901648366
13661405630
13003297362
13651618582
13391177516
13501702676
13501717667
13901931485
13816621955
13122953810
13701668068
13801754590
13651899588
13801965253
13901725560
13817671221
13391365678
13816811333
13651927627
13916115406
13917450828
13501939233
13801741258
13301615597
13321996409
13611670996
13817312735
13501992279
13564130739
13761339198
13701841298
13901832243
13621611885
13661820150
13003163525
13917377440
13764361320
13918764885
13601840658
13818520201
13917382180
13901642368
18621132029
13003212127
13816398268
15921515288
13301766215
13918921988
13816888551
18621764274
13311776712
13641674303
13701739185
13501884324
13012833128
13801692769
13003197035
13601724730
15821821372
13916371851
13501941733
13818677055
13917738860
13621659621
13501772072
13611633424
13917056706
13817877408
13564029333
13801951509
13801911588
13601615915
13601621886
13918642468
13701732190
13311608805
13817631188
13122500138
13564493640
13671787951
13371969291
13901715562
13817231155
13003158715
13817710735
13564685961
13901896715
13311637702
13764081075
13817997777
13601749155
13524071239
13601793683
13801978602
13916388774
13817729017
13331890863
13916153449
15921385965
13916187999
13916599336
13701943792
13370013217
13818530828
13761637090
13916251420
13122580693
13003230839
13795486760
13003122639
13916606335
13331818600
13916427226
13601979933
13671974885
13917033188
13601879479
13046626880
13564465885
13002178861
13816333725
13774216853
13381771815
13524638583
13761676789
13501845790
13701933119
13611715900
13816331389
13916766183
13901862535
13801606032
13917522639
13764304683
13311953288
13801857890
13817633270
13774390776
13916119819
13801976666
13817521641
13127961596
13818286777
13651637510
13501681648
13501932194
13482046716
13917579873
13003151833
13331883725
13818806766
13601944008
13331919677
13817569160
13524632211
13671719666
13901832633
13818806502
13918201178
13641616449
13002113808
13817007364
13817580788
13816672274
13386091729
13611632157
13601911711
13002192627
13801935763
13601604839
13341657515
13386130977
13916136315
13901988212
13901612459
13901701010
13601811351
13601624527
13764358170
13391084586
13701684191
13391099639
13661533888
13501776118
13761525823
13916378178
13816698545
18221609106
13795200326
13636659600
13918655689
13701731705
13651928210
13818009891
13636688382
13701773196
13901943959
13801794595
13501710666
13701847504
13816508604
13818886872
13901922195
13818411172
13817636111
13801997325
13311975860
13801684798
13501605707
13601835115
13621726969
13564817111
13651655417
13564760090
13816170788
13585955155
13311823036
13917673008
13611641915
13801843359
13311932787
13564701298
13621761815
13661688985
13651776090
13061684607
13901743335
13764055440
13651803313
13501837233
13386285781
13621761207
13801771680
15618689951
13301712188
13916360436
13818560499
13801803355
13918978176
13816779367
13901669009
13901866531
13916616383
13601904669
13361803893
13003219451
13601816595
13321992527
13817793939
13641626518
13651731552
18621687162
13301975592
13795472181
13524545369
13901656757
13012837159
13816475878
13901668696
13901782970
13611928708
13671592300
13816699221
13601988918
13003292878
13818183698
13311823601
13003106983
13701705779
13917731515
13817288463
13801758888
13901631360
13917815126
13311958338
13801824772
13681823884
13651971269
13621906571
13818899220
13501641168
13916105695
13601801836
13386032815
13817558337
13681685805
13512181605
13901892871
13918375998
13636409759
13817107198
13917513372
13801696276
13641856777
13816107080
13311775775
13818972280
13918404800
13661621836
13801919330
13816675532
13901893298
13524185607
13501689616
13386070318
13564588334
13916368998
13661455878
18930203666
13901668998
13916591113
13917026327
13801764205
13901813890
13661845111
13917814227
13636686862
13003125511
13801958383
13801739492
13564579942
13621898878
13671853759
13321891203
13917306673
13801755790
13061716078
13564644220
13311826952
13764530571
13122568108
13801754331
13801953491
13916146678
13386133825
15800956073
13817633716
13817975578
13052005160
13701774999
13901738649
13916127475
13761123939
13901701806
13901767000
13901703401
13391019692
15901825069
13386097131
13601762399
13611894716
13901662443
13818800906
13370000699
13472522636
13621688575
13601624087
13371969788
13023199198
13601833883
13818966929
13601732998
13601818727
13472885268
13661924873
13564358008
13916316160
13816157115
13818150666
13816719219
13817300688
13601871306
13002192519
13801855597
13585718878
13122228607
13801824873
13641957617
13801634360
18616829217
13701603226
13916127125
13801645757
13818808619
13801972286
13701943400
13311916856
18717990289
13585858869
13817555262
13701602625
13482462875
13918332999
13003137295
13003216648
13611715604
13764908168
13801674224
13122518863
13701854081
13816337340
13003229209
13901946398
13818627218
13482003297
13818515758
13901959794
13818632263
13585529822
13818338078
15921404788
13671862290
13331906100
13661565361
13916530679
13774434458
13816397158
13391191197
13901785730
13501941055
13916502899
13331998011
18616958988
13918043895
13585603520
13701603778
13901709279
13501985726
13801929177
13585833773
13816974479
13671668887
13472796400
13816139755
13901633817
13916109183
13916349826
13701637552
13817616678
13917261955
13061768996
13301758861
13901732219
13916511566
13601888586
13311795777
13301907567
13818501098
13501737500
13818258265
13661708988
13901614785
13916790662
13361802799
13801953115
13761079920
13003175407
13701948120
13917160526
13916588203
13916123000
13564011868
13671560200
13764417071
13817300810
13816305067
13918657680
13817521558
13501987013
13901953111
13501922568
13381681571
15921216161
13764692586
13311613339
13611787782
15201760572
13761106048
13601628868
13901881616
13916218614
13817568350
13585536172
13003256595
13764901457
13004107266
13901609628
13916478118
13901877776
13761600567
13641958671
13761217384
13162951750
13916027275
13917961179
13816102797
13636404868
13816835219
13901642800
13501977910
13917768591
13301725838
13701604034
13761473118
13301858835
13901794385
13661441917
13817208390
13801949175
13585852788
13501702170
13641807495
13061602622
13386281771
13801920969
13795408608
13801636280
13003104880
13761007544
13636329090
13386073383
13816038606
13801692559
13301869902
13701793470
13301937000
13061704904
13621990102
13901618968
15021881819
13901844445
13651608885
13916517261
13301636265
13023238106
13801827097
13901797640
13764373845
13501870189
13818183160
13601949321
13501694162
13482029933
13391222388
13601811384
13701617867
13611778188
13301911503
13701693418
13761608128
13916603980
13801955940
13611952241
13311961969
13901892127
13916108428
13611665507
13818620748
13641633647
13918075715
13817745736
13916032547
13818421333
13916788688
13816633349
18017187733
13611777638
13917264787
13601946338
13916564357
13651962622
13321873636
13801671645
13585647775
13501773228
13501758018
13801974617
13916209865
13321858522
13701603932
13361967078
13901600934
13817516286
13816320876
13917440432
13816272251
13916153937
13816434342
13524499033
13601941382
13801693932
13901793780
13701749908
13817831825
13801754316
13901796933
13311675607
13801794700
18916051693
13003294970
13901918043
13701649353
13761128500
15202116068
13917319207
13816898648
15901617018
13817733975
13788906041
13061625337
13621713736
13601843187
13916733354
13817809122
13611930182
13801634209
13916130522
18930328292
18930683542
13764417799
13916749480
13801671321
15821752728
13816003783
13564237286
13585580781
15821116489
13901852283
13501826657
13816265999
13311799225
13818502888
13386011521
13601671831
13917886288
13311783556
13311609809
13003221115
13601644175
13601886449
13764318990
13901951115
13901876292
13764697349
13801860608
13361902691
13816723101
13817347282
13331988058
13022161302
13701613252
13901742461
13801677330
13818230999
13122410555
13501976530
13816868638
13321989302
13817028288
13361811858
13621923009
13816330636
13818951248
13585727868
13601622028
13701692064
13585585605
13585624444
13311963106
13817806781
13916551628
13501974583
13651691952
13901657539
13391376363
13917325253
13801733426
13585803778
13386058363
13482728892
13761676569
13611662778
13371915109
13817650575
13701865529
13301918653
13916317705
13641812345
13818191655
13764055546
13311667800
13918277892
13641689974
13816385522
13601831779
13761597029
13601756744
13311892211
13564615031
13761828371
13003172745
13601772407
13127534230
13761928001
13301700528
13020212122
13601620825
15000980587
13501624030
13801835630
13601724980
13311952525
13301907108
13386280908
13801979530
13621639307
13817813088
13764011748
13916598343
13585931006
13585943699
13524159407
13901921120
13651928858
13917523337
13816107493
13501663876
13901610003
13564866048
15921497518
13818929262
13331991306
13801677303
13917305018
13046632323
13585635511
13601611341
13003296125
13651878836
13816539777
13916134535
13023189423
13901867188
13585837676
13901914013
13661947969
13818392329
13651885047
13817789841
13701657286
13801780976
13661883595
13764599942
13816801008
13817627047
13501670759
13061648988
13916110223
13917955314
13816107958
13764611899
13061719028
15692133530
15000029655
13601816314
13331883829
13651870366
13621867724
13918905211
13818106046
13918733393
13311960507
13801950282
13917021274
13601850323
13361900935
13601729782
13661956536
13817017157
13671913188
13524444448
13817941488
13386188850
13022128815
13817831005
13585826168
13641937638
13918618636
13601733111
13816835318
13916032558
13611925201
13601738229
13321980526
13764438415
13701708947
13564639104
13651992999
13761318271
13641857976