13872218824
13500001097
15683638398
15960017579
15104132727
15112521725
13078449664
18719193222
13648814284
13975192379
13818825841
13823412603
13847285350
18260023243
13709660657
13934260780
15966498555
13564988348
13205174852
18953805333
15827326807
15811589349
13520100971
18177211416
13840440934
13671241720
18737198296
13877287960
18672650259
15967121213
13904598835
13819060333
15857217150
13936900032
13710854509
15804719826
15213363142
13666755421
13795485888
13764080830
13802105080
15861931110
18914952426
15074568601
13661202831
15811900205
18651571760
18787742825
13961869559
13798865036
13860694760
13921133995
13022099642
13905876830
18680328155
13407579794
13632112362
15939944083
13730546868
15077134002
13591546099
13678190176
13957130936
15003171008
13938672955
18666922972
15251991232
15242484222
15920512086
15900980406
13305186666
13315053836
18862831511
15961713126
13809807962
13168829393
15319221989
13910691691
13921609666
13521829995
15106508566
13899639706
13068438350
13873989339
13907745955
13886594337
18996061888
13706130784
15860203845
13141390430
13504237658
13583251956
15298756656
13634982948
13716782879
13698708451
18686629183
13801291702
13632353888
13850095248
13013661662
15866131634
18674077563
18701888397
13392851665
15948068888
13002398667
13607115131
13962288499
18958013576
15801016859
15501661777
13867241165
13857942002
13691603540
13984163251
15395828639
13001709961
13165087888
15892535100
18244947520
15825678260
18769392523
13809228314
13992869511
15920508996
15093681552
15921455858
13821943977
15855193920
13794672730
18657295332
18758430502
13094682498
13773345799
13968034186
15006195444
15821712639
15312618027
15821663502
18191725399
18640931723
13889739478
13999135449
13422812212
13642667491
13850208008
15818220833
15995691715
15588829861
13841805388
13911389225
13009329262
15847911182
13883986081
15167917236
15807879036
13859797853
13428313334
13758388163
18806561235
13931189191
13857955561
13836117019
13846661188
15804776150
13989426777
18698741510
15895806673
18765260268
13851561943
15044088173
15651056718
13501788361
18913779222
13382792290
13611218778
13548690993
18066066525
13600049444
13764612353
15918792057
13961509067
13974836790
13796992667
18676232442
13798033102
15021317318
13877682493
13843167510
18363676668
13221882943
13761847777
13950480729
15952193766
15209113265
13410396873
13855114508
13847040579
13907755109
15253669125
18835108493
13932068355
13430113501
18577565859
15959789296
15013976226
15662540698
13570908903
15536971445
13969138266
15992215143
15921616765
15252944686
13020265513
18607122035
13916336990
13514471978
15068322688
13874929890
18904279671
13621604709
13250912296
18906467835
14759078208
15157488664
13976850398
13391008070
15062165856
13132803098
13521335195
13233887777
18767268883
13753579166
13672773850
13959682122
15011581352
18559755042
13904813228
18325142773
13808847499
13933167692
13289134999
18179235022
13112897368
13913194056
18077700353
18610278562
13950080166
15169126052
18617156798
13983757967
13646521991
13934151235
13961546299
13962995010
18765259019
13480835281
15132465597
13542732170
18850879114
15931163812
15359438970
13932544999
13784707135
13957388066
13402039055
15974274218
15862158934
13998105920
13526607778
13083263256
13020028674
13818252026
15105955352
13033081701
15202363616
13632680641
18757165630
18650459479
15295755219
15339128837
13304775282
13731961696
13959797622
18652631521
13504127668
13799823688
15203576797
13322729895
18938755188
13818783830
18621550055
13538201092
13902832727
13331802788
13629202603
13759482695
15012551126
13711991189
13430343152
15067996188
13961381696
13199159266
13594480999
13921767761
13033668833
13844677737
13695725513
13950862333
13644315562
13857390869
15898726837
13427374084
13474822128
15821253383
13515259852
15302879623
13971135179
18658854615
13202265229
18627854033
13606455799
18507586277
15251314137
18650199776
15063677609
13949408108
18640883944
15974270668
13549845500
13837798005
18768174156
13888664441
15260903966
15068509456
13914045650
13275692016
18822492281
13911278178
13868311135
15159056205
13978080874
13690588008
18926597464
15858233544
13570855825
13986800189
13862489115
13157189220
15815501980
13723459997
13527655634
18605512666
18615408116
13822266609
15067439503
13556253196
13903325883
13861479786
18631196907
13851320885
13816700366
13052870226
13968078075
15116487987
13818661280
18787036139
13981265133
13788528904
18552057634
13963792770
13818723995
18068351356
15296977666
13135015902
18049717893
13916209877
15223277168
18607727702
18607635398
13527850234
13393635096
15937483708
13801356669
15952102336
13858656228
15222071888
13005128248
13562968825
13927998857
15954444466
18616871237
18600923258
15257284869
18616659550
18751014116
13739087776
13883932049
13400574146
15259438333
13764835302
15820747448
13824090157
13886127575
18638010086
13732222880
18606148288
13998739113
15848200188
13907754819
13408785967
13881089353
15937930536
18766223819
14797518888
13812382529
15810065420
13660260162
13701588067
13211377199
13330081293
13860734421
18663236246
13599950015
15005797794
18939888307
15134569694
13654811699
18665776671
13814095009
15035362299
13168073116
18654667696
13809501487
18753216532
18905532777
13564938502
13825303460
13551899461
18110641423
13881865827
13036669741
13941521991
13826818625
13456836680
13459152495
15975751919
15018725256
13984162557
13514448872
13934377215
13520230339
13808660343
17603603009
13485700629
13810450822
13372782888
15641230222
13869085607
13314008399
18028740608
13560069328
13606468789
13915226901
15534321113
13921544336
15500056879
14752761866
15018422544
13521462495
15060001562
13328350851
18874146993
18666665365
15813723722
18271339103
15078777800
13808931532
13032458560
13983637005
13824548883
15159259263
18605082324
18960945469
13887701299
13964201798
13473013383
13813867678
15923801122
13864812718
15312451518
13926109131
13093479996
15204091633
15815443786
18300554992
13638218183
13960555620
18607973365
15952002920
13912125366
15921749989
18660036818
18826426655
13861899792
13241556133
13780817855
13514712599
18824723316
13669482836
13933196851
15505072233
17686618507
13701448991
15958303636
13994317744
18234053216
15338346766
13531820033
15013682644
15951926436
13381117353
13958792456
15931091017
13588687217
13861099168
18965709089
13453445657
15210914182
15849118085
13903431955
13049632222
13816759700
13011585399
13812128569
15175120086
13959717824
13662253098
18068578088
18800547792
18673732273
15242406422
15859535787
13557257299
13604297110
15275101877
13816564922
18767953166
15167520197
15252673345
13724595473
15833900155
13685193266
13758156989
18636801009
13313296933
13192624777
13325016108
14743981000
13426452027
13585313249
13838893906
13652644688
13391189977
15839985250
18824890348
15279864561
18803728821
13998556571
18615407307
13827799317
18607121356
18259419938
13867763959
13606695615
13996360693
13480087613
13997225845
15605263588
13954080177
15051963988
18766513271
13803331579
18057567801
15576685583
15183423577
13825250239
15887925555
18988838371
15064268572
13776418852
18125332977
18706450611
18980701838
15830690601
13206653355
13834457686
13611440073
15006832282
13767172985
18008681189
18696112133
18645086007
13559299777
15933618250
13842801788
13788984380
15091199521
13810618000
13504849532
13711365679
13543292532
18061986233
13926066326
13811871582
18610195818
13725718885
13701200663
15873347917
13466045528
13888616108
15201049594
13483852698
13961545076
13953520069
13801872818
15358515532
15250078927
15021577385
15987739257
15288379368
13456738590
18635761188
18691985752
13693712315
13513314920
13638502626
13501178843
13817560360
13313168005
18606831617
13932323949
13002996961
15208971013
15228908711
15867865355
13937153018
13587216677
15952080511
13331778078
13827750070
13858085214
15963653745
13837509588
13817868458
13852866777
13888975758
13834778797
13470060772
15269836000
15863118505
13874247618
13936686899
18901330778
13528421927
13951388866
18603517986
13986099981
13921711060
18626105899
18621807609
15052066910
18662692285
13983934010
15200857999
13850207197
13637135466
13854224587
18041158212
15153761906
13515268006
18603415905
13706131615
13865134922
13819805098
13315965869
13911462498
15651230326
13082687596
13370075782
13420818816
15857562290
15605999959
15053638919
13876269513
15914181222
15932498850
13877642566
18098683136
13716728920
13524431301
15371993370
15606692903
13983887956
15110780100
15898726887
13814854877
13291529269
13898879318
18605847596
18319998589
13928946669
15805551906
15209861453
15359159088
13916204891
18654336654
18604604847
15026845881
15939526868
18761190160
18330333000
15095094003
13910722170
13998439598
13592801009
13994805332
15201403976
13880949493
13798051236
18657169269
18006774995
13712083332
13931107871
13958789020
15869129526
15059577355
15882055003
18611641549
13915952757
13929115493
13566567666
13299936430
15959215015
13530398549
18500566596
18602381599
13366665594
18973197792
13979788818
13420022623
13420373770
18253407677
13972721281
13954610336
13833460311
18007714090
15682903316
15999196616
13673183118
15880797168
15911155877
13632673739
13828700170
18941113237
13813865412
13560120398
13952956978
15615369398
13982628321
15399038737
15010068738
13958667775
15805796021
18601271021
15921360137
18580444911
13022951107
18673283336
13999852919
13283825318
13917698466
15165771855
15925130539
15960275900
13585955064
13813306386
15814087345
13805751722
13957000395
15860075822
13407193568
13904921698
13608808194
15925796725
13914255850
15303238717
15513818885
13804009322
13641549663
13813161132
18931267519
13458585213
13426101031
13630086298
18931162285
18704566905
13560729006
13655643379
13967644391
13651842027
13702577208
18931778856
15220262664
13738711385
13373258200
18662539394
13521380009
13973232345
13801268046
13564154305
18729081787
13052460959
13851896445
13585809281
15210205502
13974189387
13028817025
13880948466
15995500021
18259068078
15940749352
18272446371
18620664492
18911852430
13977997100
15160506736
13482592796
13896905656
13002036163
13862191222
15335180837
13509626009
13500358098
13588907945
13464762808
13559592125
15986585363
13950285024
13818426298
13819031833
13550801685
13957208688
15162787519
13950082459
13588228729
15940628909
13358327848
13187739102
13471257193
13697663638
15941110732
13609598612
15815618603
15068322891
13163555445
18068270800
13954764320
15110516688
18994885832
13795222800
18701014210
13944747555
13511753150
13761274783
18520323422
15994601642
13309159911
13867966534
13757214296
13827730444
18580764625
15986072506
13989757680
15981188351
15052613855
15201711418
13309298181
13818732150
18635670885
13903799989
13824428857
13854581112
13814118532
13533239810
13924104493
13523087276
15255350991
13501709761
18621817669
18689705866
13608685189
13736489972
15804735225
18610887229
13803810395
15903609996
13923113368
13001678089
13964538316
13187894910
13683541671
13587793638
15890026243
18658862491
13459781296
13598132992
15955145823
18655668787
15810174353
13925222543
13738247998
13811660880
13542283366
15980097888
13632334575
13839053748
15817256428
13718600176
18680888089
18717944116
15877035476
13623441949
18918590772
15941954325
13053019128
13977368791
13910932093
13580713910
13456977728
13584492791
13667576999
13711469063
15158152039
15010254681
18984850062
15810319403
15002861599
13790214334
13708473623
13887472436
13600260103
13763271616
15988273200
15973453103
13901509860
13584590325
15999669396
13513387407
13501123312
13857512670
13653666886
18603097794
18116353729
18959990191
13375071799
13956172930
13886090061
13889868705
13766006718
18858922128
18655671201
13929099876
13426352107
13621299766
18842329891
15821003583
13633630472
13936671900
18689601988
13825667788
13006739930
13731136663
15151801808
15815592007
13750365611
13459314067
13810096044
13942820880
13857098042
13718101106
13502364935
13455625957
15036728521
15041744123
13683327407
13685917693
15728111351
18585213369
13915360099
15804827777
13627723881
15905236238
13390985151
18677138528
13402838535
18743019076
15863833555
13707334068
15957175570
18940852608
13549678967
13641983145
13920215360
13827516750
13522751438
13121293310
15808822729
18656009838
13688894861
15800526486
18910950779
13923876546
13295830120
13666776251
13829772668
15968222623
18638011238
15971466906
15111997308
18859405910
13533621000
13602828553
13969833532
18626102808
18768373889
13938894521
13959214589
13773487778
13045112359
13558814877
13756066816
13802468665
15012332341
13664920531
13157525849
15013672062
15992424992
15921693699
18105985577
13919820115
18669761170
18748126678
15085972471
13968785765
13140000998
13808552990
13834388596
15280700789
13794094624
13763354646
13817853270
18801045784
13929919041
13590108558
13913773527
18635634128
13912169692
13906099449
15959447184
15121446661
15064876646
15612175007
13305372716
13516805057
13860788019
13382705235
15288313586
13738093857
13482838558
13589410448
13015075461
15920045895
13902558021
13771104024
13603749296
15890100709
13651241088
13867107097
15375251148
15960069360
15921050406
18761098088
18718813520
18208877156
18765174681
13228771333
13915080068
15268692351
13500003185
18750946681
15047353535
13459274439
13711315662
18138791562
18604787511
13407723717
15204516765
13093169777
13381355693
13062687808
13600166260
13386060101
18688600192
13428799044
18633617126
13713511942
13946082923
13979731818
13621927892
13825300321
13779983327
18369376555
13799602607
13957584720
15388166641
18807606189
13843166004
13824441199
13916979180
18057506197
13957562896
13838892776
13697920276
18505935755
13701658181
13850803859
15190947333
13944608990
15030187309
13942820126
13926677317
18003363302
18686043337
15898881355
13110838558
13352006777
13818334883
13980919615
13305278269
18336383977
18632188146
13079583332
13820654888
13555995435
13428803966
13999924920
18632325595
13832538618
13012124719
13485354692
13670339460
15571109996
13570801423
13702449999
13587777305
18559590356
15180285426
13621941902
18670770662
13697360068
18646281118
15692162327
13674223630
15872565008
15950673560
18688038387
18663697791
13906179959
13750389026
13768304434
15851805162
13713823210
15817253663
15632231036
13526653320
13932668984
13662362981
15847635333
15996206118
18675825385
18326172636
13520576824
18658793533
13301835503
13756179487
13919468166
13841854123
13558815671
15261015608
13682913773
13761466676
13810872806
15977391088
15067988828
13873179946
13472625501
15101126171
13173819178
13401892223
13977855699
13339942866
13221019719
13615019126
15201251608
13907567481
15132578000
15024213095
15160098788
18829156330
18668150325
15803046446
18701236875
13328095077
15261447117
15922677595
13031013667
13842550280
13981917451
15861354801
15088822495
15868412132
13820039004
15821115559
13750435351
18301966862
15805937770
13353951806
18647961055
13759496001
13179746667
13617001350
18210977558
13862652543
13691175395
13608179858
13601954550
15812149553
13901856326
13888606561
13752739847
13570849143
13478513037
13838239980
15989030716
15897165207
13914066263
13511753549
13342091358
18335304424
13930771233
15159700952
13965102938
15957170093
13698778963
18511832630
13141259568
13813800101
13968714106
15210011689
13006352923
18538192435
13815877355
13823326863
13713523636
13751780492
15366666411
13580704888
13737873827
15717197008
13940082502
15817403009
15804530640
15195597290
13871428883
18655401234
15269382688
13599428809
13752889815
13901307853
13898804286
13920695879
13301625226
13888387992
13759535566
18360050055
13574970558
18765216806
15850600660
15810510279
15960327012
13885176398
13910730558
13973405169
13394712229
15980667266
13958257012
18603517858
13581483365
13480523975
13857213799
13916361377
15864683353
13665660592
13668869656
15050137734
15199009859
13730605533
18606246328
13923034131
13532176930
13480198477
18934688668
15017910301
15306205280
13792999599
13736417412
15921660856
13813758108
13805602297
18650077087
18601290938
13616028911
18899196107
18928020681
15260755889
13621192781
18933758978
13595051263
13861627500
13701858657
15261103095
15671200880
18912724287
18874156616
13427853858
15084934457
15671284666
13911894801
15921372045
13560680486
15158010895
13983377772
13664445378
13681371378
13940746505
18765866017
13818224232
13888898938
18930094613
13815667077
18162579933
13377693194
18144124159
15941850707
15926291526
13904229678
13855601949
13917787607
13632588277
18662728834
15349073078
18031598639
18288955520
13810020038
15854261587
13395373696
18971010597
15919804739
15051894023
15970201661
13775261775
18942677420
18939507857
13580632510
13804168733
13459280995
15171260299
15002116608
13671072327
13872062266
15925180080
13564827258
15034413313
18817757735
13460485550
13806729951
15130068836
15025655456
13809833927
15805898429
13955173301
18813717198
15160769021
15532992992
15959969022
13015516969
13735145161
13505517344
13456568615
13244304444
13798685618
13952778520
13915600568
13671730811
13922271567
15042344313
15810538115
13774553120
13655229090
13013802072
13907192382
13110166788
15955328925
18703658734
13901355128
13719293218
13386243213
13391212705
18610278898
18792027249
15851664814
13953666125
13384337778
15176110835
13728697985
18362354264
13632573710
18221641664
15162212853
18213958679
15034773649
15050865295
13556830417
13726811373
13905137162
15842063421
18374295772
18710066412
15921478145
13952865666
18729181936
18810384459
13966787775
13632939837
13807230587
13888063839
15551656868
13692166337
18683783176
18902664276
13953846939
13503725788
13701931877
13588156901
13641684538
15911720243
13700230887
13942644121
13901942157
13633946188
13823562228
13717698892
13929216915
18561562708
18032418000
15141777911
13750023205
13474802790
13515721598
13812829096
13913327385
13865997707
13705779757
15087920888
13312952822
13932543140
18660092219
18022067096
13853528685
13680466296
13488738653
15916319217
13813683689
15873352993
15010305030
13956033119
13840185375
13971619961
18650199299
18701236033
13793148333
18676041618
13861256668
13641042493
13733810441
18622577076
15098817173
15801465301
18365216888
13818168623
15659115966
15106153593
15010156566
13360025909
13848176667
15988350825
15261213529
13162751516
13770855589
13973164971
13832323847
15279193977
13888536313
15256120911
13532559696
13661662829
15058833684
13917318602
13564462561
15051885553
18861650808
18727122290
18313934445
13818962086
13665079066
18616655617
13070878028
15087122228
13621718018
13890874126
13960755806
13787134156
13503350057
13808879298
13429006333
15018763688
13335908886
18602878942
15840901233
18629235070
15951600615
18688514483
13945133620
13584706300
18046146110
15962958372
13099168286
13684625352
13855362581
13930411365
18922955985
13633300410
13757082810
15858994611
13858688325
13718107307
18321992426
15882274645
15852154306
13878507582
15098559728
13360888690
13832989610
13413470160
13668863579
13934922904
13927417552
13833477830
18859052083
15861768483
13790760809
13802237158
13862882199
18031720111
18220789798
15251401525
13606090835
13306410505
18047192463
13965790209
13553403262
15811844016
13507325557
13591775340
15963632918
13433400167
13770590046
13691873244
15219497132
15161872805
13505829661
18623361265
13702680022
13099817717
18985408546
13311516588
15106154801
18911631120
13526576047
18604581939
13508412108
15221228312
18939210001
18560455601
15044087418
13594115072
13527139381
13146655974
15895729867
13611989780
15820406386
13914933660
15959059695
18068709186
15864747927
13828778146
15160074616
13957245320
13823023523
13179810976
13320231969
13515953331
18761907987
18320202933
15195015551
15261170131
13811496930
15338410795
13906862823
13240047443
13912426667
13671697847
13871236318
13711881262
18377961233
13984116854
13624828218
15828055513
18767268222
13676759181
18689933866
13560256069
15003568706
13418692247
13701284718
15921478018
15921000612
13630055635
15998832036
13886044688
18788691881
13651658894
18621551676
15278316063
13527993009
18641424433
13095457688
13994794213
13842744433
15800041885
18923268131
13301715298
13828109911
13867380830
13911005220
13825369696
13646817710
18137592208
13402577079
13901027730
13640585870
13944851621
13573212456
13963653059
13862600333
13805732322
13661423249
13913687483
13659145801
13735223704
13303011371
18585481410
13459762444
13691524050
13912759666
13801296135
13051946724
13940953532
15061929011
18905077252
13472755800
13702014902
18662600897
15895382252
13825579453
18715295557
13377181698
13792010155
13524211274
18762138602
15863383090
13825315912
13823606634
18511247075
18364615885
15237192869
15024664683
15258181670
13917118778
13506373933
15277285326
13224707877
13735768876
13693137400
13916259106
13249073855
15995072111
13482264637
18261049768
18670788247
13986352277
13408519866
13826399943
13053950222
13424160963
13722190307
13916118269
18921299828
13915313171
13789965777
13689800981
18721398315
15387869072
13621969293
15726277470
13960202550
13667063049
13907014758
15248039206
18017979242
13918757231
13514578419
13018298386
18960099450
13632714632
13523572634
13651546607
18611793803
13864974266
18904315871
13922342648
13810967290
13964515121
15305941823
18739398799
13995257156
18277242369
15764961000
13798869938
18803120165
18973196779
15683745434
18086163921
15040177723
13590669000
18666366676
18221648361
18503062896
15347315588
13777019857
15190191721
13450762432
15050666650
15060172783
13902556292
13982150121
15996206128
13577025186
15190829506
18587676587
13602277224
13515325333
13424867248
15320562020
13824532920
15810688080
15196698087
13809438395
18204341816
15813870777
15249928887
18616928867
18033350008
15802667030
15116996385
13559365288
18635698368
15810061819
15978650685
15225887788
15662544888
13638785439
13188077877
13642050676
13917791709
18910816102
13954526325
13510759884
15192069650
18758579966
13485051295
18888613778
13339106616
18264181015
13808796463
18616199468
13680177512
15920177973
15087731644
13842817107
15630197300
13908244295
13347102911
15064666697
18650623179
15921484242
13337647475
15986671636
18061250632
13512000061
13158915544
15166461580
13829951090
18680173191
13776643054
18003809823
13486450437
13859996295
13704507368
13725232335
13641123309
13459727884
18932318812
15999733800
13931462289
13218863019
13820326897
13292811783
13801431448
13471689785
13918660345
13901819049
18605833687
15268384373
13566331283
13617758454
18608514900
15938705267
13966769704
18137354037
13940578500
15005857016
13783612592
18926496656
18911132862
13269195970
13868990632
13868814642
13701725026
13386285303
13997697344
15855801525
13602767371
13622865052
13189775989
15851182952
15589507688
18666665225
15205952411
18890573338
13799068592
13979309775
18606530917
13848233279
18013344266
13683775050
13416273923
15005916726
13781197378
13862001162
18610233138
13937140364
13831016008
13850517576
13949030565
13561800173
18735118478
18009091576
13687517136
13805853361
15804718595
15320653767
13814204338
15996926262
15113261967
15537140611
13414165406
13715677028
18675561397
13351395456
18735352572
13718650037
13914935480
13573185505
18653177227
15880883450
15988848304
13006833688
13556486486
15821102412
13816487517
15850501445
15901634988
13951227705
15777142440
18687161353
13893837715
18916518112
15315017013
13524552713
15601388578
13480213579
13738271350
18782242695
13316008568
13904120887
13598136646
18906742778
13721694736
13531819128
13013318666
13032867780
13602418582
18060155100
15046070144
13528257112
13725705555
18687388990
13071225187
13711324868
13603502244
18735103228
13980506956
13922669781
15044098902
13435720170
18696518893
13975605720
15840901082
13794053093
13712650921
13922240891
13878859969
13910432408
13811375409
13022118000
13859852589
13302886277
18061705163
13764708346
13567291630
15903608003
18671965959
13856053829
13686016384
15060000601
15107706813
13567965025
18810869483
13602769184
13777517995
13358180279
13911517351
13520522652
13168829922
13622251882
13261847634
18876905227
18673734545
18696865776
18040526308
18802001388
13194069655
15982470367
13819003637
13761991819
13456603991
13851477393
15020063228
13854570099
15014633390
13930095028
18911860207
13401597377
15955173696
13790296665
13818204058
13957131391
15817493003
13549999316
13970323147
15205098121
13803279525
18031577222
13941589037
13918594112
18047604321
13959748941
15967769706
18686177966
13959680792
18922703486
13601729107
13463960448
15666360316
18714549609
18115505686
15821189622
13809541069
18851349280
13804669685
15115310560
13811832908
15892102580
13715799577
13481252816
15800360308
18300600772
13704947305
15895348275
13791278034
18605110332
13570940289
13726126896
18648272716
18323853667
18641115878
13129966764
18795006627
13919781002
15037128289
15905058269
15123223082
15059077112
13802875623
18956128889
15152210606
13904722569
15033542575
18735437824
18686019228
13719497957
13880115310
13799527733
13377203099
15585175170
13600049815
15279209022
13989096318
18566383998
13959705025
13962470212
13480109457
13916936945
18305519454
13839266528
13212028217
18964899101
13937114005
13218850888
13535819811
13971553040
13706177107
18616793770
13979787126
15216650801
15193121615
13805297070
13988192228
13697918887
13641051517
18867714029
18666824828
13580812185
13625711128
18616797867
13703560557
18642084578
13671234139
13964483444
18357429773
15801019266
13892193695
13584804802
13910578150
13413178369
15844798867
18981680050
18661830815
15908580007
15929925993
18817328187
15685122327
13646145835
15854770678
15814309956
15922714245
18917854856
13271186039
18685155807
15138681641
13616555174
13817082859
18857352731
15895287527
15366666262
15923181343
15952890370
13802638267
13916315127
18255539192
15000576562
13770823987
13950791999
13859347699
13505733613
13439017995
13310038212
13978877925
15259439273
18861335788
13854381389
13761155920
13916203351
13315137392
15201778885
13850923562
15590127770
18677088365
13957248785
15105951617
13979138503
18029022058
13998089443
18611083410
13079521190
15201104927
13913548161
13904549023
15821182973
13439188141
15021002663
13881821727
13328156010
13506571366
15926399972
13526995576
18645054404
13823828766
15212281870
15831171562
18826262737
13862812022
15002199002
13807217797
13835907731
13003299961
13855190750
13811543029
13616144668
13907322717
13895016693
13566256767
13587777946
13632618035
18219187584
13950139198
13980071275
18802051285
15511241010
15105169910
13400089990
13401172059
13127934404
13812575957
18754325668
13637055158
13810679782
13826590328
15033518858
15299231681
15931777050
13917566963
13570020542
15801640139
15324103666
13310933609
13760968669
13378105120
13706207297
13371367966
13929931675
13625284230
18376120575
13608016915
13388824588
13912332994
15920729897
18867711070
13510980388
18566210381
15056020209
13097191181
13885175505
18721686319
15977193566
15094085221
15189392368
13691729577
13813558067
18052023301
13817470374
13683816422
13859161675
13752738312
13940567855
13906589796
15057846486
15538829350
13797515890
13915853967
13777545005
18713165087
18501709195
18609104128
13486364734
13823415562
13869808761
18689866683
13905458587
18609122766
13967462670
13699555977
18701806644
13889516919
15285086795
13658209022
13803849582
13806380727
13281176449
18671011588
13552200728
13584117580
13121589642
13711412740
15123343989
15866321222
15967386587
15705926994
18659278989
13776293970
18913950505
15096570217
13579218917
13713161639
18833835853
13355907508
13296562343
18602759190
15037965570
15913162955
13450579618
15229638803
15064268196
13708993635
15338808519
18571359627
13991864388
18998802518
13859903228
15223491798
15907745056
13824332108
15333160552
13859161898
13403790445
13772215666
13888997156
15997552181
13671216441
15005163946
15206017085
13922518615
18741999656
14747396490
13725481227
13655559283
15076334887
18653349377
13632617328
18219522346
13772655522
15298114619
13607506838
15110313377
13216511883
13883841296
13995202811
15824487694
13585361602
15507538639
13945003328
15046685618
13205630329
13908201431
18204731269
13829926618
15377999347
18688865835
13585907863
15820950111
15170461986
15335589925
13057211115
13995192871
13718251459
15289356695
13795209135
13701994785
13932385390
13835182246
13515841307
18676402528
13794236501
13390797571
15803751996
15995693444
15930610899
15151350708
18623635800
13834692300
13718825993
13825690727
18922062131
18820740186
18762132009
13013619886
13073502488
13931977317
15216750519
15202375563
13424399951
18019709966
13598134977
13522118824
13851514893
18945095761
13605909704
18077102868
13535980564
15278089993
13862031648
18661913193
13752208765
18664760103
13607577491
13195105627
15921512501
18950398817
18363660665
13153017511
13351886119
13905138116
13489215991
13754519628
13798204716
15991082326
15014155055
13809125724
13651919731
15185137989
13917123837
18825275855
13770847003
13764276841
15210044590
13850341982
18805313060
15007921146
13073317648
18502121010
18765220001
13658083808
13181376660
15989041284
15816906712
15817492410
13511235692
18787740945
18636669791
18022393870
18650377611
15962323696
13557782340
13655060532
13916439514
15288233527
13604058227
15269737816
13489969269
13814813370
15860138896
13417396381
13919336219
18019955845
13906122763
13705090052
13834895440
13637728658
13811702449
13572446528
13868877567
13719285133
13928895512
15830333118
13788824520
13947653927
13611631136
13516702678
13878124520
13693546961
18221691248
18200576896
13535110187
13645251543
18276012635
13822144465
13957755360
13813412654
18502504552
13535342964
18006986588
18021020643
13625024061
15871482248
13735120738
13770099890
13456516009
18655185158
13686027583
18365306596
18693555056
13771705189
13706829777
13859908468
15966097558
13824715996
13523314067
13973157995
15055312065
18994885705
13798822066
18678402188
13514385555
13911903079
13181731309
18204715933
13850653043
15861815153
13641314808
13560741054
15154283017
15971166103
15267085412
13564985599
13726397779
13434108363
13859556286
13407828168
15100977732
13807501368
13514329224
13358629529
15600347623
13631555862
18179157530
13910524349
18611255519
15042733788
13700047625
13381029590
13780720015
18559113300
13646923921
13731742949
18950860833
13816680291
18936031261
15896478272
13909672707
13823221879
15045941314
15188076998
15124142646
13560724047
18924861666
15723809417
13611117986
13948881081
13501599650
13812113751
13684975438
13812598485
15641672322
13940854023
15305646021
18853969932
13701783235
13973157682
13967646818
18091852651
13985012829
13911244792
13908630054
18652025094
13998303099
18621907525
13549889168
18734753537
13809041968
15681295546
13430539949
18290605552
15201139664
15160714717
13847473738
15906743790
13858057973
13507185626
18638396985
13702789237
13768864106
13914150549
15653462905
18260961488
15080322723
13510856030
13661404959
13774821122
13626201288
13870222561
13309817882
13860601623
13947945866
13805271969
15193129818
15372730042
13702320592
13903463121
15261170065
13501616280
15989383673
18615625784
13702789456
18020353918
15080239489
13232856989
18181412206
15191349462
18559201772
13536647867
13622250144
13607369588
13076968703
13816584391
15105199666
13702576946
13723854166
15036069481
13807368298
13008827769
13028806262
15962414499
15850580829
13690426195
15866550131
13420073611
13478785278
18653199005
15810190893
18978718762
13840162193
18765823206
13012391960
15655320282
18020136190
13758512843
13980581840
18565337998
18817974656
15677097100
15109914431
18112705681
15895440902
13854980189
13651267570
15859510687
15836208227
13656035551
13401497647
13801253530
13903511415
18657185178
15967526553
15868924404
15895891505
18666127062
13814426509
18585237968
13810760433
13901942421
13390666690
13888552409
13696064840
15885365427
13646118465
15977198202
18922837931
18846488217
18718005587
13606878989
13466314033
13432170278
13575939326
13810667786
15920507381
15521521509
13500149995
13073561148
15262956156
18997910517
13760994904
15248079150
15974676160
13761719391
18717998708
13459537104
15990043885
13828744849
13656130026
13851500388
18212847454
13991276480
13709445567
13826541535
13560032705
13683646752
13103275556
13803547898
13852019308
13801651998
13417511772
13762061528
13680138044
13811366603
13059948899
18901584402
13428788184
18304598880
13806835326
13960273026
13869146909
13802111135
13840519518
13101987287
13055764588
15941242825
18608624036
13507725793
18692950104
13026670207
13857735200
13530313635
13923380626
18685812004
15031110887
13938233005
13978623454
18804327566
15160891127
13818364469
13912087631
13938530258
13391300909
17090080555
13601444488
18616534002
18622976993
13918798113
13211526366
13681913646
13938772280
15332018811
13752011578
15080008710
13121801883
13788250528
15060457878
15812058964
15810510490
18585846360
13861536315
18696661230
15840579798
15972992311
18611852211
15198995187
18937104416
13890094499
15280219584
13506392699
13911346027
13910161466
13887753382
13774671812
13816899222
15852136558
18665768070
18685812176
13120828373
13593402155
18611661909
13861288713
13921964051
15260939099
13964070666
13968033920
15856927499
18516299211
13936646208
13707567156
13096919725
13313031573
13997697774
18922802330
15973751662
13532125888
13859020655
15972223434
13777829921
13738808757
13471199890
13472772660
18357003719
15508092345
13818737199
15304721110
13776220330
15000522017
18066068973
15905010158
13822234567
13855358810
13631748185
13484136423
13688705660
13925573363
13360093798
13929205489
18962066618
15555108609
18638369915
15812828182
18641234444
13860125809
15067899181
15927557517
13826436636
13485138818
13510137981
13810954151
13685216619
18218955114
13901391971
15804061948
13656881234
15973732598
15969514220
18086682560
15916296851
15171732046
18913045840
13103210882
13527769018
13500000795
15104338151
15965616757
15805189703
13714890911
18220183100
15832599123
15176113010
18950705333
15171857866
13967930717
13806205505
15989121393
13707012108
13767077009
13322862676
15977121940
15577220357
13838086359
15155375898
18686046899
13816151283
15366668831
18336365178
15850704430
13668857026
13923855507
15000558556
15006088171
15275585566
13666213164
18204715859
13052092670
13929832888
18701649986
18516132799
13428326700
15863118896
13402767222
18627968168
15954833716
15059575998
13693608819
15300808860
18810622338
18978925577
13679247479
13722380031
13825900778
13503120330
15966492086
13426333185
13625285837
15952408243
18983755888
15018827501
15910106333
15169275476
18859756661
15815409922
13750868166
13727370705
18295380999
13858069812
13085806807
15209889587
15848166400
13564478038
15509068888
13761957564
15167172679
18715495595
13316047666
13282990006
13637118881
18663618644
13968601588
15298313156
15824849852
18320705818
13605911952
13484721000
18665322430
13564306189
18660317616
18161263159
13274713067
15195812856
15381085678
13232887743
15252754775
13606088776
13676554536
18516081155
15821230851
18826214385
15822739410
18054613456
15858968867
13685856562
13967654081
15270988654
13819087733
13805733536
13621377906
13616274313
13564390760
13868814666
13577100798
13626241142
13820823642
13633315598
15381218016
13179631388
13167161026
13457719448
18961161642
13273712560
15026723637
13517687936
13876492211
13854216600
13505798893
15889382381
13816214007
13872388377
13823124060
13573690065
13655167626
18738910085
18647106033
18620335702
13534024601
18535176853
13305167123
18680887286
18058307650
13958122406
18502520474
15060851916
18978772066
18764973126
15957444150
13920178648
13134333963
13509305169
15850745265
18910252835
13851351408
13122583218
18878556789
18122379222
13999123777
13816321231
13450412665
18697986823
18239960128
13513677302
13466773108
13141205395
15946212598
13566859876
13683325753
15118080080
13157279888
18616657151
15900649905
13561828589
13903043745
15150809893
13777243413
18938645256
18745696921
13788829907
13804837627
15314360093
15807724467
15937481828
13759919082
18550263513
13767516555
18657186102
13771028777
18852283413
13889306278
13701107223
13718218581
15718894165
13886668826
15123812150
18221650336
13918328530
13986199417
15869171441
15762104127
13537629759
13348113536
13999809301
15840686116
13903062340
13962498749
18905323529
15858955214
13701218028
13848180681
13477311111
18687437761
13861290501
15159701066
13771824080
13940842832
13977102529
13585843304
13829007181
18602703267
15915599999
18980674682
13888096335
13696989098
18003810556
18302599101
15989501938
15618756133
18802008685
15195011133
13566270405
13647638866
15935830654
13929836088
13717824968
15515680808
13014588667
18084119202
15184153979
13803028721
15052916883
18684696693
13961822349
15828687607
15208218865
18675596456
13902682600
13824471718
13631370831
13400226866
13903461713
18819495320
18620386511
15288803835
13655810387
15151360611
13408711150
13225438122
15874978161
13712366809
13834778462
13936645910
13416467824
13640978096
13662713627
18789242122
15862975733
13713012375
13306869961
15033859995
18688195063
13833558864
15860204565
13976922850
18049407153
15296701369
13929916846
13970030518
15986246909
13767056743
13969568708
13402054910
15887093089
13576282813
13814299272
18664103761
13398956138
15158027811
13916102784
15659953096
15150690040
18813094720
13974626337
15237672565
18577118041
13487277056
13843781472
13382055540
13849291999
18602768599
13952859857
18923806880
13810014626
13774553195
15938721918
18950096255
13110068106
18615406866
18913177711
13714803431
18959944842
13978361712
15853158170
13788756419
18611186163
13416468315
18252118822
13916839734
18921110060
13695996590
18657188130
15966570579
13625860080
13751188242
13613466437
13695961111
13763373718
15261794808
18295556677
13049857561
13270550888
13512172319
13392920110
15937995354
13794854641
13664643793
13601132255
13509200567
15190985567
15095379378
15190994333
15988053673
13531617413
13770554310
13556032908
15959088426
13873192432
13520996868
15041587060
13930926872
13681210760
13466727495
13503811155
13815481985
13803811929
13429822275
15110022616
13400680257
18961309436
13911729541
13999260663
15026535567
15895073925
18610807791
13580996186
15026796301
15858264930
18611794358
13681783655
15839004567
13859808689
18005845088
13812416177
18930766808
13808190303
13586068668
15150942155
13901387860
15900931580
13640478704
13991247188
13922869595
13751982024
13810473665
13877115609
18934377766
18822838364
13418477916
13907009868
13718011949
13156946666
15880250376
13706130780
13715556400
15920324311
13835988611
13575489206
13911580483
15871020977
15959552751
13088827989
18805927261
13696900873
13731085538
13223345763
13980722365
18688489817
13368609998
13191186449
15027501610
15004699522
13633623234
13910788864
13934931771
13427085345
13453799809
13759456145
13480776661
13904809511
15099119321
15866538111
13877205214
13379805825
13806563339
13929111566
18623174908
13805426083
13712189381
18651513699
13542933459
15021666083
13810594015
13916928926
15992432907
13683659115
15980219354
13813070809
13507354596
13265481982
13700474633
15053620471
18678927882
13304067833
13858891806
13791979121
13773838466
13353993366
13879156578
13633560932
13559577076
18713164139
13634663320
13812830933
13967701855
13527619501
15967219623
13545271089
18688798221
13859248336
13823609545
13941157758
15947290057
13734003889
13931874469
18751212760
18970073118
13386892186
18688618386
13906350410
13502989720
13990530770
13882129719
13929989566
13998341833
13809317351
13947152732
13795222330
13820520366
13506163308
13509471088
13834765011
15001873971
13822242416
15971369000
15869157788
13564203027
18998998106
13709810119
13817257415
13918487787
15973477821
13593348088
13832081181
13418411802
13939010809
15922229652
15823407305
13809635724
15285810618
15997568105
13737873787
13987691159
18802017650
15678481158
18666665772
18661391209
13507078793
13856941970
13814822012
18523316988
13601350025
18208706425
15990055626
15635187555
13370068555
13621996523
13415900168
13903931688
18671940315
18680889970
18610556698
13426015069
13971480986
18311278355
15829199922
13859262904
18613122257
13799068007
15206899516
18502744479
13648391469
15838792831
18312021018
18650296567
18616372431
13820608973
18953768803
13822799823
13009237078
13815515292
15603239794
18928666169
13862726715
18723604262
13699210298
13888999313
15951949002
13903799992
13212134243
15050541863
18278990293
13734008698
13970299693
13821088632
13596128977
13838167938
15003440003
18913179092
15588826585
15982289701
13806733247
13929206809
13485747706
15045989797
13400008018
15235162771
18093566790
13637566285
13916958392
13619399356
18817519315
13827466027
13621992700
18210327098
13216130799
13702285228
15221048309
18615909105
15078779866
13661137307
13878486638
18980180819
13842857777
15205072806
13025895966
15977698989
13918869469
13813733977
18662713161
13824731520
15240339927
13695725773
15774715999
15359139790
15560988000
13996613001
15036770849
15169137307
13507080400
15939238889
18949892270
15880246798
13837868227
13917530299
18710387083
13306261758
13876329874
13784200589
13599793251
18842365440
15891306175
13418480310
18736063287
13668195096
15144660316
18627740177
15955139723
18765557000
13961310431
15695196881
13464664666
13501053606
13358990800
13726271588
15080709588
13968110333
18666667245
18235695233
13591703246
18622585496
13012931147
13816964928
15677162860
13775959268
13948411480
15097689660
13386811933
18921662166
13706128820
13722097505
15103381637
13960944891
18665811937
13922325233
15159365520
13843010629
13721676903
15283203167
15671212000
15309966656
13813865836
13702914461
13523595251
15158515578
15976828382
15387038585
13816555383
18696669669
13231115233
13030984832
13726832131
13527892388
13556409191
13586664035
18023634818
13181313073
15307332927
15950016598
13921433405
13805082959
13507910303
15044086688
13273713199
15011431985
13714889959
13571926491
13523455243
15357000121
13906218872
13427853888
15057273430
18588215086
13585511833
13905490808
18647798139
15763002368
13866132209
13681215916
13594108233
13876054559
15616202998
13738240481
13560838838
13821055266
15058168183
13001233603
13390880627
15336342888
13326950308
15800565811
13489906220
15951601533
18301231799
13418566973
15025722003
13853842799
13590421956
13955161937
15111063025
15246291193
13606456990
15140091125
13599766371
18696598212
15986793886
18695707117
13420314772
13688632333
18762485815
18701469375
18678086012
13153674575
15262755263
15833991492
15720826421
13582310507
13954221422
13352639428
15990056126
18765278909
13667636227
13318109742
13523505011
13918738016
13651007812
13989815952
15024358152
15023245090
13429209303
13921019157
15204710472
13524681533
15127176069
18671019512
13958105217
13588398383
13809500814
18577987331
15816802649
18823990057
18617332931
18019082188
15242248833
15615886636
13854219629
13793808717
13638210576
15922712342
13927255709
15989468212
13418181803
18926502922
15310388631
13916318233
13679226402
18966883003
13999130806
13764755653
18867698160
13925796765
13202371188
15866961992
15313067252
15568474314
13889129407
15605082242
15068539953
13611098110
15011135218
18960753366
13967646789
18722147559
13563757786
15209661122
13546678918
13705594102
15852120202
15837115070
13328875189
13518712420
13554823948
15015772588
13261428776
18659132219
13986116939
13037896971
15227866104
18956008235
13863887066
18910426953
13859347515
13585843071
13736353133
13114476349
13241829999
13629132415
13881765527
18622084908
13425857073
13818751352
15010600819
13691455918
13916080534
13432253422
15976800712
13861286648
13980009695
18909809082
13568836111
15080014920
15164382176
18618204800
15153682530
13706215846
18670131211
13949610316
13693353034
15258663897
13655597930
13616736763
18338210377
13972492694
15687656632
13868880216
13555445323
13459213791
18708588189
13888064483
13763568399
13910316876
13750662006
13918829532
15990773422
18850871013
13646227703
13475553339
18914953940
13930699010
13068903387
15168046233
15953329717
13822142889
18680828382
13100532566
13949835839
18010127237
13725737504
15320561673
13958196993
18611642246
13621556837
13983784509
13938564569
13869340700
13500383252
13654555254
15164388736
13813929332
13728129717
15972129651
15802392054
13585112688
15867947567
15207773233
15027496826
15047814835
15089158715
13969396451
13814882824
13625431518
18184710628
13435223366
13860453041
15858910258
18916631181
15010000094
15901627028
15080279326
15980020030
13601728386
13757329671
13922533357
13248352772
18653276610
13708894683
15367051995
18988069300
13713855565
13819927509
13057518000
13156002313
13957996846
18861656292
15047805063
13775418103
13696882851
13513928834
15802423766
13613251852
13714061880
18624049004
18362341015
15901838468
15923607819
13036883155
18026621721
18636363067
15170339059
18701708956
15578685703
15007462014
13632717194
18838295588
13433526606
13610677070
13810951018
15118375888
13331383096
13826255428
13979718615
13983692958
15830969894
13422938292
13911631369
13799710009
15053785430
13452026559
15979073015
13729322772
13985512319
15010109360
18003466624
13888388981
13420013481
13779960758
15181258008
13115219899
13381002450
15985776767
18740124477
15814071955
15272800008
13381113396
15825788829
13905155136
18012836055
13614008963
13386397532
15647762222
18696516066
13814973130
13626930795
18321238978
13728795556
13915180803
13888234126
18765276587
13862943888
15806420056
18004720179
15971447686
13471002269
13591400850
13606985769
15080018235
13765174803
13722488078
18930465869
13811288995
13524015052
15043219078
13702935819
15924582789
15925106871
13951859888
13858354279
15235686248
18575592966
13823186124
13336061133
18510919648
13921522996
13358126292
18335971177
13706212691
13811888715
15982290877
13816030433
13837910087
15900930255
15811967350
18843156933
13771766849
13601908054
18973005553
18659772999
15953868733
15012887812
18657677277
13817950113
18910003008
13506218541
13806860370
13205516500
13641023117
18759119998
13516901669
15111053218
15176157827
13859165185
13599363197
13889502946
15063632217
13612111482
13939157738
15017390160
15034600149
13857771858
15122574947
18774988304
18606432165
13713517565
13798063122
13533665566
13651391322
13774755936
18736080689
13996063273
13521284048
13850688682
13603071991
15941212825
13768664569
13953236757
13818273096
13983455819
13682292914
13928430229
18030600616
13825663106
15122894731
18717379767
18851307730
13698802615
15722986724
13674786210
13685282702
13847222361
18926069056
15308981070
13724241471
15952882112
13572199527
13922413812
13829202865
13836823341
15940879848
13983891351
13430409988
13523457242
18632558100
13725333203
18901131539
13825803377
15927151119
13888629649
13809696887
15840032855
18698871955
15280004998
18661909382
15104285955
13862003936
13056789559
15926965955
13901754290
13809862750
13501803869
13633216705
13337103109
13776882468
13928811690
15312453735
13503005890
13959797768
13724559035
13655030339
13549851266
15057171930
13856920689
18925958333
13858009705
15961283896
13122015689
15051400719
15905813757
13357030788
13962063773
13816673926
15295533858
13927889466
15048937888
18688488981
13482535596
13405038385
13725155711
18721406557
13466920833
13941753419
13685859544
15985775103
13678478857
18911435760
13917566416
13786190152
13647636747
13888902312
15921831803
13960797099
18899772603
13928145206
13566196806
15999562966
13513796830
13736582934
13825533947
18820395553
13585503155
13917200672
13600974431
13920771505
18825459520
15061710978
18226391288
13642113305
13799263322
18741294859
13426195173
15862323319
18033441928
15635189891
13122719855
18679110509
13057167656
13517260268
15957678391
13739922186
15202380896
13827072388
13570807235
15018784818
15122694545
13141261445
13506568112
13859729717
13622741288
18953990619
13630438704
13731092190
13336068529
18874458818
13637782886
18733470001
15862597287
15202618819
15806039956
13379584444
13907315638
13888283083
18636310616
15305136789
13962233067
13192806959
15219182073
18656597711
15138769395
13100253311
13430392602
13931651352
13564764483
13998423522
13486122677
18950860282
15868413008
15862976211
13802345900
13973578986
13019210371
13975865723
15800722171
18726299481
13599712229
13733851055
13869398957
15222348802
18580768939
15079159690
15025559182
13089998181
13818585099
15052330132
13760970137
13952382186
18508198826
13407999359
13826502001
15862977198
13242112660
13324095991
18627855522
13401387530
13427700770
13971234600
13931137813
13805975538
13501526910
15383438820
13625880313
13092667749
15369528919
13906999885
13809227006
13708891063
13850819003
18666977833
15040187060
18007368030
18947203402
18261978347
13901329352
13660289411
13501994820
13708384876
13672768719
15608301025
13798212148
13802504399
13611183177
15010123800
13432223971
18899198973
13392849824
13681717390
13502886896
13450523716
13450871346
15752727276
18017250875
13726128042
13913211148
13776848782
13917194717
13904086021
13632422841
15288803456
13507576397
18032186691
15901589506
18724082458
15925125233
13509008019
15067991855
18810685488
13915618200
15051307726
18640336628
13103233066
18818860660
13353366366
13767003691
13386059153
13861251636
13564585818
13686883143
15804721979
13820518641
15951325325
15051669647
13480711163
15852092962
13857688558
13585363131
15203211410
13810378682
13636398539
18611225873
18625176198
15661311119
15920179075
13757069112
15906347676
13864100119
15179166966
18508211258
18647180417
15663760819
18627739220
15077857205
18626898832
18988627608
13810450056
18914295179
13704945456
18637926666
13862929697
13676796986
13600038887
15810092320
15867006111
18889997892
15967205788
13980343623
15901567978
18155210333
18611407511
13834658230
18832585865
15116425391
13728133679
15246710638
13764219908
13937970784
13961726250
13791593631
13675754367
18861842449
13308257300
18523825737
13759198491
13612115619
13692276742
13850359017
18361253163
18971237199
18087244532
18688585858
13702358161
13801689664
13893367321
13937968706
13695979155
15728257969
15197209053
13964030201
18066386590
13580723323
18628198586
13365915837
13528795572
15392636659
13609094889
15190294351
15213821061
13435710540
13657095750
18664764169
18782663357
15019419961
13733211239
15210358288
15844027730
13683389830
15861866918
15918999568
18509211354
18618375803
15616124265
18637462807
13959992179
18980452797
13783992519
13602764905
15963338929
15966081806
13939336498
13757888829
13603085146
13861818323
15913148886
13545285562
18653374691
13215607191
13810265338
13795484195
13093457271
13638210298
15222891611
13582357739
13940607717
13709236503
13699856022
13861289185
13564476619
13564125886
18008641258
15927668283
18626323981
13714422005
13871115766
13432175798
15810278951
13887707666
13995552153
13580351715
13017312621
15263309830
18682058157
18203060801
13799722289
15264105999
18912619118
18926638877
13706672938
18701513701
18121127020
13328137068
18669877701
15973548269
13720290487
15637913105
18786665768
15210714134
15992433609
15900508168
13924843663
18652702190
18646237826
18652098855
13856092538
15194978137
15941398577
13453120794
18755118751
13587256846
13575564400
13877143726
13713522017
13955160612
15252234762
13910955035
15375369555
18905758001
13723477211
15123216875
15054308618
13810913913
18671662610
15116993639
18868766700
15950198626
13798152128
18118286333
13576041191
13698245320
18310992252
15940833664
13978306732
18621699513
13398911194
13913902069
13976849776
13411737441
13727133462
13661755211
13432073456
18959949868
15067676466
15911155693
13093089789
15659530005
13350027196
15706055008
13628918657
13335123391
13503096880
13845459171
18638850707
13400732123
15018721335
13539338222
13718375375
15062628993
13505152182
13576430646
15833163242
15269383909
13917764988
15013751210
13861390122
15925182165
13848175735
18705929257
18936135589
15981985346
13691098020
13666988668
13426202659
13061306566
15802199705
13632616664
15932219869
13817036971
13669803596
13603500820
18627039388
18267714468
13533618021
13116833222
13367751962
15188077900
13382260056
15210929093
13860530999
18607393231
13838264652
13121797931
15176003551
18503710800
13421050477
13768885335
18523200678
13912085858
13643110324
13814779799
15910368810
13651919915
18685002413
18071026298
13728461919
13887476370
15902855461
13585587009
13428015525
18672980959
18698636361
15134543333
13783531736
15959203423
13047589850
13661914231
13854312795
13911794241
15300942883
13925780856
13515719865
15986804142
13573276570
15921833043
18987730484
15922138813
18673543366
15006089973
13972255662
13621108724
18063122236
18814842041
13659288608
13713856426
18916125149
13603021314
13764932223
15920590470
13623115852
15051683417
13809778420
13195106700
15034992168
13655040747
13907321709
15105952897
18758191192
13904094861
13711197815
15637592080
13248563520
18654359898
15339127718
15940288115
13817929542
15818095028
15662305111
13677625202
13883955160
15060523337
13785108012
13561038751
15879742154
13407177700
18204350666
13714211652
13341666698
13916010460
13802870009
18669507181
18631374331
15190347586
18609723560
13577035727
13380012958
13878851576
13905953001
15535367404
15213240331
13580721109
13685199299
15040225677
15042454585
18505036199
13760446761
13320589789
15919397101
13543485024
13802398730
13801118319
13901888933
13702507187
15999562286
13803180860
18967390777
13951569241
13611880762
13555973015
13916852038
13914128939
13705311022
18641685200
15940531927
15977749552
13362255255
15829495270
13959968899
13818932611
13510406554
15862254753
15158158589
13788853359
13288828881
13706131762
15035088062
13590086688
18674885583
13817313963
18361208949
15820646666
18782082118
13851325469
13735925127
15866458101
18350830426
15840100735
13620899468
13964870105
18602346403
13353857555
18046042065
18387479520
13372589595
18842464777
15524204135
18242705000
18623029178
13586636001
13286560360
18921919886
18691849281
13707376119
18977549993
13951893155
13822689567
18575689578
15343344777
13851691797
15013231988
15861769756
13553789591
13644660363
13036349376
18664990988
15081878940
13995774482
15867429644
13979178257
13857665553
18680325679
18620966999
15718857197
18017331398
15035370333
18660968986
13723481597
13051881181
13878715777
13070025567
15880707217
13681552375
13703990993
18620335479
18063519888
18657154688
13511673447
15951434150
13662552592
13578400984
15158159445
15988610682
13063860840
13702954427
18611706582
15932325653
15540118021
13328045008
15111208497
15998363335
13675147648
13917154276
13351888535
13092655703
15096631539
15152346660
15821079666
18675855221
13006191919
15996338875
18907341816
13861768589
13875970673
13815082999
13923799242
13680886258
13810424468
13811878856
18055580400
13671729753
13911583200
13806963709
13732935821
15914147813
13999841848
15532192360
13817687219
18862818279
15962861333
13970929868
18950172008
13905293588
18756031188
15271901103
15994327543
13852723058
13512417198
13701704033
15837151511
13917615138
18012803105
15057607068
13867969268
15985885383
15151152118
13509348357
18816811872
14747317777
15298922777
15953671369
18988837677
13120883390
13775832169
15829677636
13574319938
15168890599
15103728281
18005897233
13405910468
13063805750
13908335373
13918309597
13166006288
13297928400
13248226331
18615571944
13901958855
13263689392
13937655582
13796048588
18913733098
15355812881
13860866018
13705172160
15663399910
15879069982
13338518096
15202376875
13466578105
15166288878
18020839279
13904375838
13805992566
13588039099
13914033927
13853655817
18681550290
15832358440
18605318789
18903787627
13246669034
15087126956
15065657456
18606683806
13888656775
13766044679
13757245220
13924024008
13587978111
13751313345
13871475833
13871653221
13770526016
18949877129
13940602452
13093417999
13530475503
18662693329
15200912236
13820810389
18261812128
18105874222
18605026659
13905798634
13825711996
13488040411
13624844845
18275995859
13965166998
13706055518
13872405876
15961601383
13371993655
13085630517
18261637586
13899971186
13898863369
13972569058
13937945766
15963269720
15872618225
13701472203
15961250660
13832368346
18642605664
15801451121
13017668848
15559773333
13910801601
15036968071
13871135487
13703255877
13514000087
13588923723
13817183668
13452730853
13813865863
13623953333
13893425600
15116308688
18665323372
13847151510
13937329047
15921680032
13804412487
15902813396
15818839866
15847188954
13727539116
13663717544
18638896800
18603262988
15043073255
13905317825
15919668899
13738723961
15891020446
13771841859
15513632938
18964547598
15182300588
13132402888
18776902104
18710351820
15847372559
13265734771
15155157879
13878356666
13386123178
18630900512
15275223985
18665604021
13613255700
13855268057
13611196498
15221162002
13803118412
13608599158
15648190666
13521152545
13952846498
13388803330
13637715833
13999254570
15275356714
18601355991
13801201846
13824758953
13779933524
13845093818
13916701927
18661496981
13676998200
13902289803
18756739149
13987173360
13917205971
15164388515
13861067116
13708331302
13687099587
15047111551
13661997920
18501176244
13467577572
13771702878
13997160568
13811997779
18701647243
13771825293
13962266928
15252469306
18616507336
13766020313
13505258189
13823615233
13439950457
13645164162
13652042506
18761374016
18116255508
13945003022
13611096945
15533264899
13606183395
18703213726
13601635198
13632635377
18767762332
18698751101
13501974298
18310371765
13817884178
15104444494
13181697737
15906796899
13527389555
18947100104
13761618109
15149096100
13563730703
15014204571
13305697006
13301370485
13917394220
13806835325
13003216832
13813817059
15166291361
15151222513
13109861497
13901568579
18115611365
13488762161
13560056100
18036118194
15827924002
13411547710
15562581616
13707892118
13520087761
13007283975
18573121100
13833166858
13704513919
13679253721
13829949511
13964945638
18698888880
13673838833
13813507776
13394468444
15315014605
15777031117
13803783040
18652003697
18633009863
15001992318
13501802126
13584118100
15837491981
13827728879
13376086839
13881855789
15177788808
15987813836
18867443344
13580831964
13457708071
18697907710
13950769483
18962213957
13864698827
13777596028
15967768467
13353990055
15358025270
18609849351
18616770898
13809817762
18742340881
13531719653
13054507989
13632826183
13613452035
13958187151
15997560321
15831430667
15810018055
13867139660
13003575940
13924081248
15961064987
18698745223
15859030067
13424246427
15846822356
18600090201
18084366868
18708289335
13427451991
13520448292
13927237736
13402567490
13802236305
13566558899
15952700639
15057843965
13531997047
13917670892
13851847728
18676699186
15959090560
13413049921
18337567251
13863703344
15693860072
13452912224
13401888665
15363773728
13621853560
15204421362
18601316919
18221970214
15219592085
18747259350
18017382518
13505422957
15019290263
18950071807
13864405507
15818825661
13986258169
13160989474
13708639022
15968398558
13968083766
13809698331
13801668491
18666919199
18664995424
13553322149
18606868883
18062029989
13454909070
15305758231
13755097311
13999135916
13950309658
15939236865
13942430355
15516159888
18001901021
13243732578
18562537578
18318182121
13637718073
13909649168
13563666802
13012880599
13707838852
13914768888
13566027020
15236272850
18680207064
13911272026
13543872235
13827465598
13013526665
18711211400
13690790365
15967558840
15867966221
18675628469
13370819133
13625299565
18690897235
13464190666
13593737924
13083606083
13413622615
13589094298
15215763855
13194899315
13694247841
13328346008
13605535610
15008180833
13346495522
13637132388
13785551113
13868879369
13881033185
13613318500
18749759467
13764040619
13933100573
13773026823
15078778464
18958982016
13911416192
15936659966
15060595606
15941136996
13902323521
13822288042
13811733217
13906749818
13558875887
13155410873
15162147205
18031586870
15951026988
18459706520
13299941621
13695317585
13612141984
15201121404
13966712558
13581919098
13702707729
18661136890
13998889305
15515959888
18602098167
13307998285
13932186095
13353757790
15035077511
13512874723
15843209026
13009526879
18012989166
13621819463
13903215948
15305556116
13523739439
13760196322
15288130414
13851788850
13951651156
15918576226
15931089910
15105456065
13482339425
15987384296
15959897736
13927820188
18957081893
13564522785
18998789635
15881391199
15155962011
13955323241
13853538576
13915030273
18946088344
18611891805
15692157729
13661719663
15913738881
15140212461
18915432299
18923176116
18637619927
13825468628
13295519661
13844660236
13556709981
13883310246
13714043180
13924906858
13642130949
13336829888
15618938668
18060200678
13708476405
13366251997
18065758822
15835953131
13558816313
13695499666
13875850161
13551115148
18370735089
15859781618
15803877902
15323438522
13913570837
13811022690
13631881242
13697331875
15528723396
15907731116
15037977332
13930748726
13930496730
13907652655
13798378205
13527252867
13784335379
18923823398
15821254536
13840454642
13819993617
18666468155
15982418317
15050600108
13918016039
13959886605
18653901218
18959775001
15160123555
13798793699
13873177796
13915357833
13131968521
13856995525
13567611763
13410975118
18724865589
13401220665
13818555529
13812828173
15990111121
18660416015
18911630791
13911019898
18707726764
15086014116
18072926301
18218401133
18658592117
13249304041
13086442277
18696780511
13902732261
13818280758
13844660646
18768889215
13758439127
15515176618
18352258443
13501914281
15003849191
13485200449
18646679692
18971412580
18611816190
13857206275
13370080725
13685856199
13584331246
15663686265
15925099938
13372554098
18921072770
18265452321
13720835571
15925786743
13514447080
13861389344
13475982083
13724958406
13798239599
13922639949
13713944766
15754428765
18807608170
13823894468
13567091116
18608826165
13951846547
13780990858
13993136487
13586879971
15127186336
15955285581
13922363211
15947084117
13806228680
13656828063
13962233055
15967871882
13951217256
13702403619
18640934999
13621051575
13632709065
13426028665
13611646868
13901648897
13857094626
13381355848
18580766273
13557810099
18029247663
13767036566
13584209697
15723763091
13588607036
15050575795
15019581300
13824507483
13466549018
15812128521
13537057854
18679451897
18863073160
18911935515
13840443909
15808779061
13708890382
15820483259
15980810585
13511203671
13590451051
13705245158
13843345307
13586303559
13505598488
18971006186
13480229820
18728438213
13813683856
15986841710
13771410463
13633714130
15972023737
13856918234
13809229531
13633440403
13476268572
15391559385
15956979091
18295411188
13240050552
15918640312
13311822526
13927475142
18620707799
15899859236
13702966667
13929327755
18961070151
13588032443
18666562208
18026926492
13173029809
13941248805
13916840222
15859671718
15102375728
13724809267
18013318333
13360091779
13815875275
13811495888
13809937208
13391056670
13808879372
13809773145
18696111688
15982331163
13906735596
13973863808
15889668682
15867816261
13860668634
18694967807
13953291198
13921212532
13960488577
18096631890
13807451246
13601452672
13466362856
13776326824
18023078870
13918686888
15961009931
13559985590
18905048268
13902302865
13817799585
13898661299
13377200528
13887033418
18607885626
13867447651
13911946520
13906046021
15528301194
13928933085
13536982889
18039086996
18915833339
13916160414
15860436636
18890357772
13701674423
15223271629
13703506016
15852082225
13587607711
18203066667
15951801827
15001119295
13501178076
13812870927
13911616444
13801840599
13313103630
13880352171
15223775288
13487288929
13976835658
18899179285
15996243049
13670024195
13874915397
13888607373
13806181945
13512397945
15975611045
18914776820
13625732900
15089157356
13802388192
18322235170
18673732868
13480726656
13850383588
13675167666
15810185540
15877688269
13465930805
18626350138
13968372786
18601912757
13377656933
13515102157
13852686611
15837942373
18622085695
13888675251
13527768267
15862253567
13918833789
15050711448
13946527717
15078863805
15758922225
13818881860
15112525657
18660279568
18600260116
13845943421
13955135969
15074840888
13971108297
13520572959
15977167228
13896195478
13602033550
13559218198
13588922668
15375897010
15953632157
15968277812
13750890950
13931879711
13951661377
18210363906
15959365814
15195060929
13825690849
15006173991
15128196990
18858418176
13585775972
18620661950
15267573546
18285102217
18305628889
15500770077
13602946688
13757101841
13844848840
13549978663
18859298656
15982805891
13395698918
13567561847
13652439329
15866551162
15076134385
15053392418
18639253319
13916376212
13828389131
18612392116
13079880252
13888720853
15159059022
18686101866
13350840231
13829237573
13810578864
15998368038
13701794846
18567722336
18675937966
13712083084
15651939616
18616699998
18962432485
18603570086
13621981232
15952078373
13701703184
18823020589
13338088550
15601632787
13814757581
13828098982
15067441786
15948394892
18655158806
13813729699
13801562112
13811295164
15273252521
13947793860
13960808017
13477092213
13820427551
15972084322
13810163112
13923798953
13817618157
13889492620
18627127868
18242438088
15002115437
13629834577
15038647409
13760968335
13475618905
18621720698
13861867618
15968882569
13702625229
18759838758
13630039948
13596189558
13737715215
18638187901
13116767867
13522623385
13804086067
15383610452
13666207298
18826042601
13600806269
13810990788
13072005566
13962092063
15040656677
13588116273
15010014958
13478333887
15093167070
18019996485
13773130075
13549807808
13151933979
13405593699
15987732314
13432072229
13701667647
18221703317
18320098896
13604517910
15165047296
13819996324
13520573019
15051635417
13862580692
13672917893
13012533972
18221651518
13550701195
13860668679
13992362066
13025771800
13422408506
13151409778
13420268783
18182367110
18602714907
15989980466
13776602907
15952502949
15920086240
13728656599
13599519295
13844236481
18603590793
18636669884
13401297002
18118833339
13946854775
13952756934
13622079517
13601137233
13855363647
18651514159
13719685458
15905233459
13507102143
13585579158
18946661017
13758968170
13903045929
18621380268
18661477766
13431675892
13798485270
13611594193
13923207686
13611608959
13936848857
13601342214
13968738198
15860886285
13871391755
13818910325
18927748370
13959969661
13959792035
15723763179
15030175189
18716660508
13949525066
13061003653
13725719038
13601694090
13405767836
15904818710
15527888895
15868115158
18257150751
18392370333
18689613703
15053554789
13619245508
13802375244
13554964820
13116157550
15888739820
13918928768
15588880820
13982282660
13836117011
13622020715
18832724000
13520265094
15991096786
13817273096
13021244673
18765331370
13106010099
13255027156
13912261446
18910947936
13828891805
13801711691
15195598026
13707927849
13917681969
15098328708
13625360534
13501254128
13817154707
13585866914
18946161668
15210921898
18070225761
18770060035
15119768031
18620951516
18516080080
13714211313
13864184667
15618750070
18933278298
15980918912
15307604806
13185312778
13656675024
13693712298
15826180655
15513048676
13961638132
18890580388
13600678212
13733687309
13645744127
15023932990
13607332396
13714022262
15170945598
13604199889
15927559820
13575757333
13527053598
15928137504
13668005469
18512312290
13705805454
13929559091
13130421716
15959103321
13780407546
18653385899
13577303619
13858545092
13655087032
18049902280
13838379914
18764331288
13833461566
13901669592
13376086064
13710338293
15320707027
18166450505
18503036056
13506636310
18754322412
13640654897
13426158590
13506070005
18964937925
13948570667
15015774449
15058239842
13218121718
13804579219
15167989848
13564383811
15197018535
15942036656
15988971000
18660136513
13521358281
13506711733
13564368313
18063055789
18020486997
13811128694
15015005699
13155179518
13532029193
15578900028
18601250875
13523303239
13977899857
13524279907
15110491483
15907937612
13599526347
13382401888
13588458688
18835101913
13989845577
13686649302
13725329789
13560984462
13563634065
18566252110
13679046772
15279811087
13961151446
18622666163
15822232168
15895345007
18301120350
13911253992
15157677117
13375446277
13961835787
15619209865
13514487979
13242002731
15900809407
15066611113
18876557676
13359803151
15057189510
13855036488
13584885258
13940375996
15987194145
15900373603
13753915595
13703149686
13808190896
13914039391
15056906110
13867513362
15395977888
18801285453
15980689433
15192348822
13808701764
13864947500
15921088053
13599574790
15030181863
13951314293
18706673272
15821053362
13468759716
13420356333
13818172927
18602326213
13774681799
18123795899
15730280732
15666966901
13396793050
18585422029
13331828062
13921143583
13439781197
13850080455
13604057305
13813917140
13816388978
13817138862
15201023493
13915715076
18038045881
18658217839
13931892707
13367758660
13816882157
13112298598
15210920392
13910983329
13815309883
13535499394
18659197793
13051951647
13621528918
18202166397
13957520590
15275133332
15069155657
18019902123
13003046099
13922378410
13583410606
18648259499
13464140939
13805983961
13560762144
13736612340
18018672035
13862721591
15106032227
13611115853
13888840378
15994447941
15122573656
13790398076
18165764596
15308033092
13506728136
15959691902
13681810699
13910690179
15902926878
15867329848
18686807010
18685628749
13760127563
15123233475
13667230199
18280459790
13718061935
13972536467
15056529500
13928052108
13619216663
13882128695
13735869646
18039086213
15999870306
13508337566
13856923091
13235011876
13756139876
13507740599
18611373996
15815503662
15330433555
13057115885
13501156055
13852060678
13760827853
18923072716
15371259888
15985816739
13928687997
13302741153
13942432988
15188363857
13701141137
15267089400
15965063014
15319067166
13264321928
18638929120
18658217017
13914548030
18895037575
13675245800
13737656544
13764336627
13559152623
13621158123
15895956981
15262384602
13801750855
13930094018
18946675129
13598125829
13019888558
13860172506
18018306168
18505946899
13907990801
15537793377
13735209118
15210664961
18617037374
18637965906
15010279936
13758970178
15099901196
18606434417
13599520182
13942949715
15021004145
15128210515
13456308001
15242567873
15954376192
13888424330
13675844919
18755560600
15112523370
13382728838
13577008969
13666002622
13771659603
13714045123
13788851299
13706132000
13539995833
13838269118
18651373739
18547215788
13625838828
13588589861
13655578370
13085532868
18668417535
18943125696
13633880796
13301166768
15842022828
13099055605
13426202269
18905658765
13564777172
15842368888
13909947950
13805176618
13888859605
13943315600
18124614806
15810233719
13396590165
13867794577
13305812682
13934631106
13866745867
13511302081
15982764766
13911088513
15013865731
18767216198
15950656350
18907722118
13638910101
15908688791
13752896646
13591703955
13752748156
15869597686
13605029594
13482135039
13358324171
13933825520
18319602099
18653613200
13772094883
15841758735
13959988988
15852087272
13516828409
13562017169
13661499733
13840600696
13380221816
13211695831
13505076734
13387874759
13861899571
18350506862
18602432121
13928946708
18747242875
15310950988
15659958688
13801172869
18659907771
18352824000
15933139666
13888575576
13063449959
15093168260
15952391877
13488788095
18787041880
15306024209
15099795503
15889381886
13675178484
15599718882
15061134792
13721034566
13761576475
13947929872
15324139555
13007586565
13613459398
13725249029
13903327610
13713013057
15959805481
15061136873
13621927949
15313067295
13955157055
13816986919
13559288301
13590555969
18659312233
13679488202
18628347807
13959627653
13955919437
13612350071
18923980567
15338411089
13381900592
18007887898
13838263031
15571081052
18640788967
13920214791
15985181576
13827060981
13924183348
13832781211
18616106767
13415289837
18600268026
13848156680
13618370314
13929938538
13584552494
15296531596
15862158510
13503776959
15958566755
13530065738
13804038761
18662324226
13733418886
13713805329
15399064912
13652423808
13950829219
13258299783
13924016767
13646869859
13810790100
13991127193
15055505773
13501392516
13347101868
18907317000
13916354415
13957584432
13770088480
13799103812
18051160969
15050883071
13916879862
18710333900
13099079681
13910789255
15805820279
18680584772
18628350412
13388943733
18780502666
13621717867
13690943659
15961808179
13187653777
13686890522
15920720600
13893413622
18930088406
13840340324
13382231185
15161371090
13804409420
15979348217
13681950365
13501648271
13816794963
13318388455
13663037276
18621869477
15874125560
13853591818
13943000545
13181170222
13592026690
13606989533
13400735673
15174216168
13622856039
15989488846
13901028063
13933552058
13518113220
15673205188
18036118600
13457126856
18625170289
13756520811
15147703005
13788883892
13701284880
15517113888
13917205346
15110272598
13840092666
13035135905
18692901566
13623113856
13817168411
13517710808
13809698842
18825458334
18911635229
13539866483
13730703803
13856941395
13071805494
15325079996
13814429496
15275220342
18646241117
18395808155
18666123765
13857990259
13738824345
15963858002
13543169851
13917650703
15921679998
13659663897
15033885299
13017845102
13923111480
18601270177
13930178654
18516141216
15035077277
13808830858
13921483891
13931211077
18976085566
13866131980
13933977975
13611161414
18344182625
13606588328
13543077435
18675561614
15834135558
13085089746
18268335053
13662694930
13985556831
13817884501
15280247113
18659453110
13861817957
13655205431
15871434485
13986267328
15194997510
13153647072
18008098757
15100929345
13764089251
13732583613
13847286218
13681767756
18983840520
13404303326
13807218545
18667182918
13001968888
13708320096
13732362510
18608828289
13431259777
18615908183
18689870425
15618189930
13725372701
13888902144
13798437980
13616554671
13852865092
13735866048
18697782126
13761223885
13637598259
13855306364
18705929772
18888616325
13562032980
13580566683
18020125123
15169789567
13563576554
13858226210
13356763332
13856042152
15950682131
13770273398
13178375732
18578988225
13750745577
18283172737
13902370288
13322423331
13188365298
18638546358
18629182291
13905554899
18676068977
15852382331
15821111013
13816707488
13953750833
15827885352
13943031158
15805169455
18674885547
13421927977
13840448857
13940022203
13901960297
18602620718
13692168201
18637526969
13355510518
15252616011
18959331555
13532596732
13698806228
13852686920
18907278789
13701639769
13956076953
13602399779
15987872567
13818921812
13906733816
18857915614
13586710055
13195183466
13621377555
18988766747
15966487771
15134543498
13917230860
13998130048
15187969092
15778648528
15952670668
13905285717
13305338022
18801764565
15221157928
13588061663
13626953375
13824382105
18926838509
13078777711
13857922451
15534070988
13522198330
18949825539
18686098544
13560060001
13117898336
13427059444
13436302222
15260670889
13862475935
13009865108
13645818758
18691848718
13594044039
15333418189
13680197995
18650078008
15963225773
13916661392
13916811636
15257999391
18927579040
15942863541
13621384722
13918297897
18616199231
18663619737
13961767500
15875676206
15189995023
15982826652
18048055635
15950484380
18688827646
13933075550
13817076308
13916620573
18810347810
18640799301
13131993662
15822210083
13423098899
13855355346
15834136669
13615015348
13916677131
15105456120
13377736683
15280719095
15377071366
18673122194
15884467818
18612481974
15905009876
13918845825
15010130321
13862628769
13665428897
13818751037
18688849891
13524014485
13423220028
13917093486
18589033288
13867683618
13817867631
18688482918
18317079635
15024679024
13865131966
18560627717
15980870800
15999589194
15081183263
18616106753
13590854086
15034960149
13901237131
15008981463
13809167350
18626006886
13455768761
15918572680
15200854720
13009992568
13813933329
15013717283
15953329262
15252741700
15275113329
13710585145
13811799667
15987191897
15371310958
15951869520
15281230775
18690291190
13310289666
13531643631
13630683461
13680834096
13967933116
15209605927
13008549666
15811348020
13761487203
15201436526
15092045657
15189656665
18104223308
13918702502
13631689152
15004766127
13599713092
13706186508
13117918171
15635599554
13914483986
13110559512
13799271654
13852337536
18666562616
13910306831
15296973485
15077857912
15104340566
13328203007
18611372988
13604301671
13438985237
13822165873
13912796909
15385627679
18923618100
13333339494
18795854328
15167349772
15107337488
15810698878
13767107711
15238331134
13732154215
13585592502
13927408028
15013264774
13322710000
13680870960
15626211903
13730645919
13824511380
15963970555
13898429531
18407537293
13636635970
18626106527
18670228809
13481248808
13984045492
13015525032
13301502590
13931975868
13520228275
13929111370
13466557978
15104326080
18023330288
13059740462
15803825824
13902399101
13871371040
13802725038
13645155047
13405703038
13006307848
15694111812
13853029184
15980760696
13931607234
13520811029
13813579827
15210198147
13929902532
13942626456
13962397571
13792880177
15088632632
13532438638
13928000006
18917505653
18637191339
13798063673
13902371029
15085869735
13567852838
18987528888
18607885039
18766216983
13904080902
18768418759
13907730469
18212127953
15240211840
13970745556
15852353731
13758337835
13823498229
13810474698
13795482791
13973070184
13968248712
13146655044
15806118761
13929721309
13507511158
18724792236
13966026312
13917827508
13898161404
18915430491
18680155714
18876559366
13817559717
15166726252
13823396881
13773130081
13581533808
18688827733
13587978386
13906010267
13805992072
13912422618
13408798757
13953849878
18786909763
18197303833
18551765053
15215139738
18032196418
15138706337
15949292906
15960149687
13959923793
13712186867
13717808447
15203654502
18132185533
18688231635
13856031457
15050728416
13789414648
13606066381
13621390735
13605698797
13917721021
18929110301
13116035888
13667398418
13207152859
13551182023
13457662827
13305170343
18535176757
13925781077
15874929056
13590389428
13753329322
13582005573
13991937216
13633810593
18171406781
15160022956
15886388190
15678999822
13558428824
13714738386
18652908861
13182607915
18956136288
15979126352
13903820588
13760662285
13241648160
13883231719
15852870881
13335129218
13626173850
13560410926
18911556552
13015599603
13410400331
15251845198
13429594184
13609563933
13861683726
13817036928
13788866333
13892807874
18641194109
13071759516
13888072086
13336375359
15801768769
13559360731
18978817065
13253681500
15248129523
13383119577
13143593312
13565857155
13719527077
13736550099
15866651722
15013982848
15159058806
13949826277
13970661396
15959056595
18977979998
13806074374
15822723322
13995544843
13901598201
13724888820
15948789996
18353998166
13816637835
18838082359
18667212827
13926312248
15382360796
13608854391
15705920214
13919312223
18857996578
13770532204
13842818113
13872543311
18338379030
13875981631
13814510499
18982296089
15995309820
15151009065
13723739864
18229967006
13480823759
13328168611
18676197799
18731956078
13805151858
13776787918
13788852012
13402036874
13452812308
13594256065
13216986067
13951360779
15093166828
13771629868
13528918071
18669887755
13583524789
13058802338
15059080831
18996360905
13480893236
13957332268
13304511484
13661661465
13922337600
13828695151
13824384913
15897086922
13636635336
13761561570
13804193588
15047113358
13585338787
13396451961
13936922947
15169216911
15927483213
13858543953
15374716272
15681928226
13489075271
15059157533
13908271049
18577529878
13953168717
18851581777
15034998876
18953465306
18185850310
15325259955
15863278810
15190655712
13913089748
15256011187
13337811868
13807061512
18656099910
13038371601
18356200832
13478945050
13601365479
15899773812
13780015194
13957811980
15260607770
15659527610
13826484058
15034174272
18664770500
15868226388
13507100227
18912357239
15257242202
18931000956
13918660530
15818768283
18020274313
13323798303
13500005656
13716401736
13771468875
13570883676
18779760460
15210492324
18678926061
13816124612
15059594028
13951575166
18770096865
13710732794
13701918298
13074363831
18608639202
13784912229
18915530345
15830687343
15155908133
18085461877
18782285196
15948360504
13770581019
13888392822
15201122436
15977902123
15601881779
18610086521
13313030819
18704084566
13601718786
13799088837
13157517995
13917188692
13606239677
13596137988
15001077428
13418490681
18999530912
18629177775
13456063358
18617120234
13856092398
13975863056
13503555185
13864793187
13901028102
13914024478
13706218784
15963655106
18018469855
13688896033
15942078578
18946113640
13572119650
18991850171
15837228990
15094081808
18056875599
18170826219
18621529219
15802218710
15159695872
13710101539
13862652489
13862354945
15921476186
13725704868
13662833638
15967717931
18998538905
13006026798
13765013683
13868106352
15373912696
15605771619
15118958989
13805842233
15690915986
18610751211
13852722767
15950487779
13878708203
13663837469
13714783730
15931589316
15148591023
13929538947
18606868928
18522692669
18853260266
13641639512
13601061356
13871558681
13077286983
13948477657
15861697603
15510300725
13965185420
13903063171
13922987089
13756654169
13387353759
15891589299
15257218229
13401050392
18626007058
18688946301
18711100280
13929099114
18611082968
13811021746
13506661360
13599277976
13878122992
15778088198
13516539958
13385830889
13061930850
18222215218
13967112213
13788760888
13392634091
13693360939
13554030398
13834970935
18205190669
18279092077
18551065153
13974886328
13452829758
13888895958
13020281070
13540619157
13633902595
15599872981
18005309449
13190052233
13661660677
13917021789
13785195364
15942764472
13998455024
13328208833
13917755341
18996403083
13600899596
13728127210
13037034777
13950921071
15030175596
15210584523
13519756135
13107680996
13165543785
18670375757
18822855721
13966795685
18078315025
13695728534
13656728019
15830995585
15140556477
13682679154
13970034328
13902323841
13611777299
18297812002
13729995652
18550004488
18603319867
13555653557
15185004602
13678854376
15059180808
13981880462
13644219997
13722877773
13979135746
15267550920
13971245848
15562185567
18721023600
13962945321
13869586677
15265243666
13011804477
13486091887
15122302782
13831147961
13478580688
13955391314
15563897546
13817894948
18903790317
13914082905
13059504813
18653226749
15637282999
18861633707
13816375077
18605163191
13871492228
13552801780
13726715058
15806478107
13853264469
13962920023
13866106263
18638197587
13482884227
18359710795
15853629267
13871391846
18911337787
13811486866
18047198000
13559899030
13868108726
18865440747
15178322301
13868211755
13311189069
13501314418
13002285049
15986172504
15968203762
13944803033
18611318148
15026556116
13818906896
13682574576
15259781875
13152603529
13947105290
13521217619
13517272726
18236762766
13939770101
13928029332
15296970088
13795486221
13734450028
13895627665
18835136945
13911076842
15303929133
15255272395
18321015878
18646245131
15824959993
13129965030
13003100200
15038659480
13570520940
13811023473
13527190907
13917229285
13381959902
13725148152
13888670186
13891908192
13556737775
15259598688
13767529688
18661815090
15768870551
13833991467
13955581531
13888655625
15516185188
13840599691
13586672835
18831132399
13991386278
18932968806
15048727879
13817708818
13517499978
13974973246
18352008855
13127659311
15313289196
15986622556
13951713317
13702229695
13858029303
13850621155
15895948566
13991939716
13480163908
15895756546
18669020501
15989990018
13422941388
13589260271
13585522397
13608267266
15153962602
13556121999
13011601666
13478094365
13535501315
18688465058
13659267963
18606991012
18734017999
13801063977
13817060770
15850519901
18913831616
13522997096
13984160193
15845622939
18713937277
18036121858
18701931816
13450311695
18062099332
13917366063
13910625675
15981827780
13784185971
18615133384
15820281744
15051273559
18150072925
13682075958
18601786096
13977221061
13874588897
18659110749
18319634042
18303924609
13105759577
13515935555
13845456940
13573133735
18638160060
13798675828
15980010931
18004221333
15277406260
18808806899
18500198641
13817470456
13883640617
13979788972
18973322737
13863660681
13839965552
15651986711
13619255767
18995037506
13874807673
15952725199
13885106200
13506283401
13706263757
13302591008
13367579778
13394221699
13605977894
15973523990
13489664402
13916200927
13591050289
18638159933
15857848858
18662180785
15985791636
13455945666
18756859981
15941439378
13857281277
13881856337
13582102323
15856003222
13911946350
13826111738
13809686876
15215140654
15010881236
13501355955
13859225992
13962009593
13773515600
15863266512
13906181396
13759106419
13816810493
13952006766
15159258070
13735865350
13690508390
15921011562
13352651065
15289866083
13404306066
13509337436
15165777819
15928405848
18763621666
15837406555
18764711501
13799452632
18111897728
15113258077
18965618877
13007498505
13324303791
13915718718
18688195694
13946409265
18650377950
13833193794
13933322629
18361332133
13705279588
15056011650
18637402299
13207119085
18700972009
15868119660
13671867915
13950890292
15819261097
13906901908
13825070281
13802994466
13651100836
15687877776
13456076086
13916167280
13934926192
13465674865
18616713777
15061895592
15208236311
15067716588
13818224201
18654319767
13485002555
13258333642
18686682477
13753146441
18603031969
15106582655
13122282099
18066100904
15966639999
18663774214
18738788902
18213383824
13562327688
13851500401
13752593022
13352982929
15019816767
13661820652
13960535158
18853151168
18611816161
18774065161
13823143593
13052023100
13688819816
13736919168
15824491668
13656156718
13711789367
15777311880
15238040505
15162284359
15162947198
13176092121
18868579102
18927200168
15243100536
15999868658
13488266366
13070896666
18624199939
13221538531
18523003517
13481092399
13939470898
13519317641
13601132215
13921858398
13211249495
13650402221
15952772148
13336826388
18653436527
13816701343
13847710666
15828073881
13356781506
13590169133
13378031066
13922825213
18879133581
15060688975
15538680001
15050599253
18689618881
13611619812
13167219902
13891853622
15195872994
15077856240
13878115359
13802417895
18854809919
15002084110
13914105776
13609576610
18608515333
13401500791
13971269636
18623512860
15820750508
15006186567
13454906365
13383710161
15021002700
13805535458
15961196957
13111095379
13801201898
18607005887