13311233126            
13311293119            
13301090693            
13051273836            
13311211044            
13311215781            
13311076879            
13311126246            
13311577858            
13311306168            
13311306168            
13381083879            
13501000498            
13601166270            
13601175588            
13001298900            
13601253885            
13601271356            
13381066237            
13301305829            
13301328685            
13501151399            
13501209757            
13501212705            
13693111111            
13693696583            
13501100160            
13501119350            
13311306168            
13311512397            
13501039526            
13501293517            
13501342331            
13601102507            
13601357759            
13601079966            
13701065490            
13701073930            
13511010060            
13701128177            
13701199110            
13701211144            
13520721733            
13701338122            
13701359319            
13701225663            
13701230900            
13701257710            
13701257710            
13701379116            
13701379116            
13701020956            
13701300967            
13611243570            
13621350906            
13701300208            
13701191006            
13701257710            
13701257710            
13601009234            
13683333828            
13691228839            
13601379366            
13801030382            
13801030382            
13801030382            
13801152339            
13801162040            
13701379170            
13601148750            
13601161729            
13701257710            
13701279250            
13801192682            
13801224830            
13701376355            
13701379116            
13811036488            
13811103178            
13381032567            
13701257710            
13701257710            
13801059899            
13801030382            
13801030382            
13801339778            
13801373976            
13901024582            
13901032705            
13801030382            
13801031399            
13901047962            
13801030382            
13801030382            
13701389245            
13801011962            
13701246746            
13701257710            
13681165838            
13801031399            
13901017966            
13901020981            
13831668808            
13891889000            
13901047175            
13801200330            
13801201110            
13901238584            
13801030382            
13801030382            
13910035100            
13901058870            
13911000005            
13911053539            
13901300962            
13901320681            
13901107402            
13831060988            
13910862760            
13910870414            
13901378217            
13601306930            
13901125359            
13910330110            
13910579486            
13910579486            
13910514408            
13911077888            
13911109875            
13910812323            
13910851679            
13811036488            
13811036488            
13901332989            
13901333935            
13801389988            
13911772808            
13901337192            
13901369918            
13801390208            
13903159978            
13911160888            
13910806816            
13910806816            
13910580337            
13910729992            
13908513448            
13911809906            
13911111202            
13911113047            
13910336997            
13910411096            
13911726617            
13986233637            
13910523399            
13910553306            
13901398840            
13902131471            
13601000338            
13911884575            
13911884575            
13910115908            
13910220905            
13911562818            
13911616111            
13501004946            
13501017816            
13901215121            
13911888435            
13911633999            
13911679688            
13911319989            
13911521066            
